0 1 0 805 806 802 653
1 1 0 806 803 654 802
2 1 0 804 787 803 806
3 1 0 490 804 806 805
4 1 0 810 811 807 538
5 1 0 811 808 737 807
6 1 0 809 231 808 811
7 1 0 762 809 811 810
8 1 0 815 816 812 640
9 1 0 816 813 738 812
10 1 0 814 227 813 816
11 1 0 663 814 816 815
12 1 0 820 821 817 514
13 1 0 821 818 512 817
14 1 0 819 250 818 821
15 1 0 635 819 821 820
16 1 0 820 825 822 635
17 1 0 825 823 226 822
18 1 0 824 719 823 825
19 1 0 514 824 825 820
20 1 0 828 829 147 146
21 1 0 829 826 148 147
22 1 0 827 241 826 829
23 1 0 566 827 829 828
24 1 0 832 833 830 237
25 1 0 833 157 156 830
26 1 0 831 158 157 833
27 1 0 544 831 833 832
28 1 0 837 838 834 228
29 1 0 838 835 582 834
30 1 0 836 584 835 838
31 1 0 710 836 838 837
32 1 0 818 842 839 512
33 1 0 842 840 505 839
34 1 0 841 576 840 842
35 1 0 250 841 842 818
36 1 0 846 847 843 558
37 1 0 847 844 557 843
38 1 0 845 503 844 847
39 1 0 556 845 847 846
40 1 0 850 851 94 95
41 1 0 851 848 93 94
42 1 0 849 230 848 851
43 1 0 533 849 851 850
44 1 0 855 856 852 546
45 1 0 856 853 548 852
46 1 0 854 751 853 856
47 1 0 224 854 856 855
48 1 0 805 859 857 490
49 1 0 859 823 719 857
50 1 0 858 226 823 859
51 1 0 653 858 859 805
52 1 0 863 864 860 741
53 1 0 864 861 414 860
54 1 0 862 771 861 864
55 1 0 524 862 864 863
56 1 0 191 868 865 192
57 1 0 868 866 523 865
58 1 0 867 256 866 868
59 1 0 190 867 868 191
60 1 0 872 873 869 549
61 1 0 873 870 639 869
62 1 0 871 640 870 873
63 1 0 769 871 873 872
64 1 0 877 878 874 760
65 1 0 878 875 610 874
66 1 0 876 609 875 878
67 1 0 528 876 878 877
68 1 0 881 882 879 232
69 1 0 882 880 507 879
70 1 0 863 741 880 882
71 1 0 524 863 882 881
72 1 0 886 887 883 532
73 1 0 887 884 509 883
74 1 0 885 585 884 887
75 1 0 248 885 887 886
76 1 0 891 892 888 439
77 1 0 892 889 438 888
78 1 0 890 493 889 892
79 1 0 638 890 892 891
80 1 0 896 897 893 648
81 1 0 897 894 647 893
82 1 0 895 624 894 897
83 1 0 404 895 897 896
84 1 0 900 901 898 572
85 1 0 901 899 261 898
86 1 0 843 557 899 901
87 1 0 558 843 901 900
88 1 0 905 906 902 260
89 1 0 906 903 679 902
90 1 0 904 774 903 906
91 1 0 508 904 906 905
92 1 0 910 911 907 511
93 1 0 911 908 499 907
94 1 0 909 764 908 911
95 1 0 763 909 911 910
96 1 0 914 915 912 420
97 1 0 915 869 639 912
98 1 0 913 549 869 915
99 1 0 652 913 915 914
100 1 0 884 919 916 509
101 1 0 919 917 681 916
102 1 0 918 234 917 919
103 1 0 585 918 919 884
104 1 0 922 923 68 69
105 1 0 923 920 67 68
106 1 0 921 779 920 923
107 1 0 658 921 923 922
108 1 0 927 928 924 637
109 1 0 928 925 522 924
110 1 0 926 667 925 928
111 1 0 439 926 928 927
112 1 0 932 933 929 506
113 1 0 933 930 254 929
114 1 0 931 772 930 933
115 1 0 515 931 933 932
116 1 0 937 938 934 537
117 1 0 938 935 536 934
118 1 0 936 535 935 938
119 1 0 407 936 938 937
120 1 0 942 943 939 732
121 1 0 943 940 601 939
122 1 0 941 790 940 943
123 1 0 504 941 943 942
124 1 0 947 948 944 526
125 1 0 948 945 529 944
126 1 0 946 360 945 948
127 1 0 724 946 948 947
128 1 0 952 953 949 722
129 1 0 953 950 735 949
130 1 0 951 543 950 953
131 1 0 541 951 953 952
132 1 0 9 957 954 8
133 1 0 957 955 578 954
134 1 0 956 262 955 957
135 1 0 10 956 957 9
136 1 0 961 962 958 690
137 1 0 962 959 249 958
138 1 0 960 594 959 962
139 1 0 801 960 962 961
140 1 0 905 966 963 508
141 1 0 966 964 750 963
142 1 0 965 759 964 966
143 1 0 260 965 966 905
144 1 0 900 970 967 558
145 1 0 970 968 264 967
146 1 0 969 573 968 970
147 1 0 572 969 970 900
148 1 0 974 975 971 510
149 1 0 975 972 736 971
150 1 0 973 262 972 975
151 1 0 789 973 975 974
152 1 0 979 980 976 621
153 1 0 980 977 619 976
154 1 0 978 694 977 980
155 1 0 445 978 980 979
156 1 0 983 984 981 769
157 1 0 984 982 255 981
158 1 0 853 751 982 984
159 1 0 548 853 984 983
160 1 0 987 988 985 430
161 1 0 988 986 405 985
162 1 0 936 407 986 988
163 1 0 535 936 988 987
164 1 0 992 993 989 691
165 1 0 993 990 627 989
166 1 0 991 709 990 993
167 1 0 477 991 993 992
168 1 0 996 997 989 627
169 1 0 997 994 691 989
170 1 0 995 240 994 997
171 1 0 625 995 997 996
172 1 0 1000 1001 998 626
173 1 0 1001 917 234 998
174 1 0 999 681 917 1001
175 1 0 740 999 1001 1000
176 1 0 1004 1005 893 647
177 1 0 1005 1002 648 893
178 1 0 1003 757 1002 1005
179 1 0 720 1003 1005 1004
180 1 0 955 1008 1006 578
181 1 0 1008 1007 579 1006
182 1 0 973 789 1007 1008
183 1 0 262 973 1008 955
184 1 0 1012 1013 1009 659
185 1 0 1013 1010 697 1009
186 1 0 1011 780 1010 1013
187 1 0 243 1011 1013 1012
188 1 0 912 1016 1014 420
189 1 0 1016 890 638 1014
190 1 0 1015 493 890 1016
191 1 0 639 1015 1016 912
192 1 0 979 1020 1017 445
193 1 0 1020 1018 768 1017
194 1 0 1019 408 1018 1020
195 1 0 621 1019 1020 979
196 1 0 1024 1025 1021 530
197 1 0 1025 1022 471 1021
198 1 0 1023 403 1022 1025
199 1 0 531 1023 1025 1024
200 1 0 1029 1030 1026 716
201 1 0 1030 1027 247 1026
202 1 0 1028 798 1027 1030
203 1 0 555 1028 1030 1029
204 1 0 1034 1035 1031 414
205 1 0 1035 1032 374 1031
206 1 0 1033 451 1032 1035
207 1 0 568 1033 1035 1034
208 1 0 1039 1040 1036 615
209 1 0 1040 1037 718 1036
210 1 0 1038 361 1037 1040
211 1 0 714 1038 1040 1039
212 1 0 1044 1045 1041 599
213 1 0 1045 1042 695 1041
214 1 0 1043 245 1042 1045
215 1 0 597 1043 1045 1044
216 1 0 1048 1049 1002 757
217 1 0 1049 1046 648 1002
218 1 0 1047 782 1046 1049
219 1 0 366 1047 1049 1048
220 1 0 1052 1053 1041 695
221 1 0 1053 1050 599 1041
222 1 0 1051 703 1050 1053
223 1 0 275 1051 1053 1052
224 1 0 929 1057 1054 506
225 1 0 1057 1055 516 1054
226 1 0 1056 726 1055 1057
227 1 0 254 1056 1057 929
228 1 0 1060 1061 1058 575
229 1 0 1061 1059 673 1058
230 1 0 1033 568 1059 1061
231 1 0 451 1033 1061 1060
232 1 0 1037 1065 1062 718
233 1 0 1065 1063 723 1062
234 1 0 1064 454 1063 1065
235 1 0 361 1064 1065 1037
236 1 0 937 1069 1066 407
237 1 0 1069 1067 545 1066
238 1 0 1068 728 1067 1069
239 1 0 537 1068 1069 937
240 1 0 1072 1073 1070 598
241 1 0 1073 994 240 1070
242 1 0 1071 691 994 1073
243 1 0 734 1071 1073 1072
244 1 0 1076 1077 1074 721
245 1 0 1077 857 719 1074
246 1 0 1075 490 857 1077
247 1 0 440 1075 1077 1076
248 1 0 1081 1082 1078 553
249 1 0 1082 1079 711 1078
250 1 0 1080 328 1079 1082
251 1 0 707 1080 1082 1081
252 1 0 925 1086 1083 522
253 1 0 1086 1084 588 1083
254 1 0 1085 481 1084 1086
255 1 0 667 1085 1086 925
256 1 0 1090 1091 1087 592
257 1 0 1091 1088 680 1087
258 1 0 1089 462 1088 1091
259 1 0 704 1089 1091 1090
260 1 0 1093 1094 90 91
261 1 0 1094 1092 89 90
262 1 0 841 250 1092 1094
263 1 0 576 841 1094 1093
264 1 0 1098 1099 1095 456
265 1 0 1099 1096 651 1095
266 1 0 1097 650 1096 1099
267 1 0 748 1097 1099 1098
268 1 0 1103 1104 1100 698
269 1 0 1104 1101 479 1100
270 1 0 1102 725 1101 1104
271 1 0 689 1102 1104 1103
272 1 0 1107 1108 1105 574
273 1 0 1108 1106 482 1105
274 1 0 1058 673 1106 1108
275 1 0 575 1058 1108 1107
276 1 0 828 1111 1109 566
277 1 0 1111 1110 567 1109
278 1 0 145 144 1110 1111
279 1 0 146 145 1111 828
280 1 0 1114 1115 836 710
281 1 0 1115 1112 584 836
282 1 0 1113 753 1112 1115
283 1 0 257 1113 1115 1114
284 1 0 1117 1118 967 264
285 1 0 1118 846 558 967
286 1 0 1116 556 846 1118
287 1 0 756 1116 1118 1117
288 1 0 1121 1122 1119 245
289 1 0 1122 1120 551 1119
290 1 0 114 115 1120 1122
291 1 0 113 114 1122 1121
292 1 0 1023 1126 1123 403
293 1 0 1126 1124 580 1123
294 1 0 1125 688 1124 1126
295 1 0 531 1125 1126 1023
296 1 0 1129 1130 1109 567
297 1 0 1130 1127 566 1109
298 1 0 1128 565 1127 1130
299 1 0 473 1128 1130 1129
300 1 0 1132 1133 1119 551
301 1 0 1133 1042 245 1119
302 1 0 1131 695 1042 1133
303 1 0 684 1131 1133 1132
304 1 0 1084 1137 1134 588
305 1 0 1137 1135 587 1134
306 1 0 1136 662 1135 1137
307 1 0 481 1136 1137 1084
308 1 0 1140 1141 1105 482
309 1 0 1141 1138 574 1105
310 1 0 1139 589 1138 1141
311 1 0 669 1139 1141 1140
312 1 0 1145 1146 1142 494
313 1 0 1146 1143 571 1142
314 1 0 1144 442 1143 1146
315 1 0 550 1144 1146 1145
316 1 0 1054 1149 1147 506
317 1 0 1149 935 535 1147
318 1 0 1148 536 935 1149
319 1 0 516 1148 1149 1054
320 1 0 1152 1153 1150 573
321 1 0 1153 1151 747 1150
322 1 0 126 127 1151 1153
323 1 0 125 126 1153 1152
324 1 0 1156 1157 1154 577
325 1 0 1157 5 6 1154
326 1 0 1155 4 5 1157
327 1 0 746 1155 1157 1156
328 1 0 1161 1162 1158 633
329 1 0 1162 1159 425 1158
330 1 0 1160 632 1159 1162
331 1 0 631 1160 1162 1161
332 1 0 1165 1166 1163 593
333 1 0 1166 1090 592 1163
334 1 0 1164 704 1090 1166
335 1 0 683 1164 1166 1165
336 1 0 1169 1170 1167 552
337 1 0 1170 1081 553 1167
338 1 0 1168 707 1081 1170
339 1 0 702 1168 1170 1169
340 1 0 1174 1175 1171 496
341 1 0 1175 1172 555 1171
342 1 0 1173 269 1172 1175
343 1 0 271 1173 1175 1174
344 1 0 1178 1179 1176 267
345 1 0 1179 899 557 1176
346 1 0 1177 261 899 1179
347 1 0 266 1177 1179 1178
348 1 0 1183 1184 1180 629
349 1 0 1184 1181 305 1180
350 1 0 1182 591 1181 1184
351 1 0 593 1182 1184 1183
352 1 0 1188 1189 1185 604
353 1 0 1189 1186 603 1185
354 1 0 1187 600 1186 1189
355 1 0 602 1187 1189 1188
356 1 0 894 1193 1190 647
357 1 0 1193 1191 646 1190
358 1 0 1192 623 1191 1193
359 1 0 624 1192 1193 894
360 1 0 1060 1197 1194 451
361 1 0 1197 1195 617 1194
362 1 0 1196 293 1195 1197
363 1 0 575 1196 1197 1060
364 1 0 844 1200 1176 557
365 1 0 1200 1198 267 1176
366 1 0 1199 269 1198 1200
367 1 0 503 1199 1200 844
368 1 0 1063 1204 1201 723
369 1 0 1204 1202 525 1201
370 1 0 1203 724 1202 1204
371 1 0 454 1203 1204 1063
372 1 0 1208 1209 1205 583
373 1 0 1209 1206 427 1205
374 1 0 1207 595 1206 1209
375 1 0 596 1207 1209 1208
376 1 0 1178 1213 1210 266
377 1 0 1213 1211 259 1210
378 1 0 1212 268 1211 1213
379 1 0 267 1212 1213 1178
380 1 0 1215 1216 1177 266
381 1 0 1216 1214 261 1177
382 1 0 120 121 1214 1216
383 1 0 119 120 1216 1215
384 1 0 1219 1220 934 536
385 1 0 1220 1217 537 934
386 1 0 1218 539 1217 1220
387 1 0 538 1218 1220 1219
388 1 0 1223 1224 1128 473
389 1 0 1224 1221 565 1128
390 1 0 1222 434 1221 1224
391 1 0 435 1222 1224 1223
392 1 0 1214 1226 898 261
393 1 0 1226 1225 572 898
394 1 0 122 123 1225 1226
395 1 0 121 122 1226 1214
396 1 0 1230 1231 1227 443
397 1 0 1231 1228 612 1227
398 1 0 1229 518 1228 1231
399 1 0 775 1229 1231 1230
400 1 0 1234 1235 1232 495
401 1 0 1235 1233 442 1232
402 1 0 1022 403 1233 1235
403 1 0 471 1022 1235 1234
404 1 0 1238 1239 1236 517
405 1 0 1239 1237 325 1236
406 1 0 1134 587 1237 1239
407 1 0 588 1134 1239 1238
408 1 0 1243 1244 1240 560
409 1 0 1244 1241 559 1240
410 1 0 1242 434 1241 1244
411 1 0 561 1242 1244 1243
412 1 0 1247 1248 1245 752
413 1 0 1248 1234 495 1245
414 1 0 1246 471 1234 1248
415 1 0 554 1246 1248 1247
416 1 0 1243 1252 1249 561
417 1 0 1252 1250 562 1249
418 1 0 1251 563 1250 1252
419 1 0 560 1251 1252 1243
420 1 0 1143 1255 1253 571
421 1 0 1255 1254 277 1253
422 1 0 1233 403 1254 1255
423 1 0 442 1233 1255 1143
424 1 0 1258 1259 1256 754
425 1 0 1259 1250 563 1256
426 1 0 1257 562 1250 1259
427 1 0 564 1257 1259 1258
428 1 0 1138 1263 1260 574
429 1 0 1263 1261 294 1260
430 1 0 1262 296 1261 1263
431 1 0 589 1262 1263 1138
432 1 0 1267 1268 1264 448
433 1 0 1268 1265 628 1264
434 1 0 1266 287 1265 1268
435 1 0 371 1266 1268 1267
436 1 0 1120 1271 1269 551
437 1 0 1271 1270 259 1269
438 1 0 116 117 1270 1271
439 1 0 115 116 1271 1120
440 1 0 1274 1275 1272 700
441 1 0 1275 1169 552 1272
442 1 0 1273 702 1169 1275
443 1 0 319 1273 1275 1274
444 1 0 1278 1279 1276 389
445 1 0 1279 1277 432 1276
446 1 0 1222 435 1277 1279
447 1 0 434 1222 1279 1278
448 1 0 1282 1283 1280 570
449 1 0 1283 15 16 1280
450 1 0 1281 14 15 1283
451 1 0 258 1281 1283 1282
452 1 0 27 1287 1284 26
453 1 0 1287 1285 606 1284
454 1 0 1286 642 1285 1287
455 1 0 28 1286 1287 27
456 1 0 1291 1292 1288 520
457 1 0 1292 1289 497 1288
458 1 0 1290 449 1289 1292
459 1 0 507 1290 1292 1291
460 1 0 886 1296 1293 248
461 1 0 1296 1294 533 1293
462 1 0 1295 534 1294 1296
463 1 0 532 1295 1296 886
464 1 0 1298 1299 1297 384
465 1 0 1299 1278 389 1297
466 1 0 1241 434 1278 1299
467 1 0 559 1241 1299 1298
468 1 0 1298 1303 1300 559
469 1 0 1303 1301 390 1300
470 1 0 1302 373 1301 1303
471 1 0 384 1302 1303 1298
472 1 0 1305 1306 1123 580
473 1 0 1306 1254 403 1123
474 1 0 1304 277 1254 1306
475 1 0 278 1304 1306 1305
476 1 0 1181 1310 1307 305
477 1 0 1310 1308 306 1307
478 1 0 1309 309 1308 1310
479 1 0 591 1309 1310 1181
480 1 0 1314 1315 1311 413
481 1 0 1315 1312 371 1311
482 1 0 1313 353 1312 1315
483 1 0 374 1313 1315 1314
484 1 0 1198 1318 1212 267
485 1 0 1318 1316 268 1212
486 1 0 1317 270 1316 1318
487 1 0 269 1317 1318 1198
488 1 0 1321 1322 1205 427
489 1 0 1322 1319 583 1205
490 1 0 1320 447 1319 1322
491 1 0 636 1320 1322 1321
492 1 0 1324 1325 1323 233
493 1 0 1325 29 30 1323
494 1 0 1286 28 29 1325
495 1 0 642 1286 1325 1324
496 1 0 1328 1329 1326 244
497 1 0 1329 1327 601 1326
498 1 0 1187 602 1327 1329
499 1 0 600 1187 1329 1328
500 1 0 1332 1333 1330 465
501 1 0 1333 1331 547 1330
502 1 0 1207 596 1331 1333
503 1 0 595 1207 1333 1332
504 1 0 927 1335 891 439
505 1 0 1335 1014 638 891
506 1 0 1334 420 1014 1335
507 1 0 637 1334 1335 927
508 1 0 1338 1339 1332 465
509 1 0 1339 1336 595 1332
510 1 0 1337 378 1336 1339
511 1 0 386 1337 1339 1338
512 1 0 1343 1344 1340 478
513 1 0 1344 1341 417 1340
514 1 0 1342 447 1341 1344
515 1 0 581 1342 1344 1343
516 1 0 1345 1346 1043 597
517 1 0 1346 1121 245 1043
518 1 0 112 113 1121 1346
519 1 0 111 112 1346 1345
520 1 0 1350 1351 1347 337
521 1 0 1351 1348 332 1347
522 1 0 1349 334 1348 1351
523 1 0 586 1349 1351 1350
524 1 0 1354 1355 1321 427
525 1 0 1355 1352 636 1321
526 1 0 1353 368 1352 1355
527 1 0 369 1353 1355 1354
528 1 0 1358 1359 1272 552
529 1 0 1359 1356 700 1272
530 1 0 1357 631 1356 1359
531 1 0 457 1357 1359 1358
532 1 0 1362 1363 1360 610
533 1 0 1363 1285 642 1360
534 1 0 1361 606 1285 1363
535 1 0 607 1361 1363 1362
536 1 0 1366 1367 1185 603
537 1 0 1367 1364 604 1185
538 1 0 1365 605 1364 1367
539 1 0 239 1365 1367 1366
540 1 0 1270 1368 1210 259
541 1 0 1368 1215 266 1210
542 1 0 118 119 1215 1368
543 1 0 117 118 1368 1270
544 1 0 1371 1372 1369 577
545 1 0 1372 1370 265 1369
546 1 0 1006 579 1370 1372
547 1 0 578 1006 1372 1371
548 1 0 1374 1375 1320 636
549 1 0 1375 1341 447 1320
550 1 0 1373 417 1341 1375
551 1 0 397 1373 1375 1374
552 1 0 1328 1378 1376 600
553 1 0 1378 19 20 1376
554 1 0 1377 18 19 1378
555 1 0 244 1377 1378 1328
556 1 0 1237 1382 1379 325
557 1 0 1382 1380 322 1379
558 1 0 1381 324 1380 1382
559 1 0 587 1381 1382 1237
560 1 0 1384 1385 1383 598
561 1 0 1385 1345 597 1383
562 1 0 110 111 1345 1385
563 1 0 109 110 1385 1384
564 1 0 1388 1389 1386 465
565 1 0 1389 1387 466 1386
566 1 0 852 548 1387 1389
567 1 0 546 852 1389 1388
568 1 0 1312 1392 1266 371
569 1 0 1392 1390 287 1266
570 1 0 1391 288 1390 1392
571 1 0 353 1391 1392 1312
572 1 0 987 1395 1147 535
573 1 0 1395 1393 506 1147
574 1 0 1394 492 1393 1395
575 1 0 430 1394 1395 987
576 1 0 1338 1398 1396 386
577 1 0 1398 1397 401 1396
578 1 0 1386 466 1397 1398
579 1 0 465 1386 1398 1338
580 1 0 1400 1401 1399 392
581 1 0 1401 1066 545 1399
582 1 0 986 407 1066 1401
583 1 0 405 986 1401 1400
584 1 0 913 1404 1402 549
585 1 0 1404 1397 466 1402
586 1 0 1403 401 1397 1404
587 1 0 652 1403 1404 913
588 1 0 1408 1409 1405 446
589 1 0 1409 1406 422 1405
590 1 0 1407 424 1406 1409
591 1 0 616 1407 1409 1408
592 1 0 1412 1413 1410 336
593 1 0 1413 1411 363 1410
594 1 0 1349 586 1411 1413
595 1 0 334 1349 1413 1412
596 1 0 1416 1417 1414 344
597 1 0 1417 1158 425 1414
598 1 0 1415 633 1158 1417
599 1 0 634 1415 1417 1416
600 1 0 1354 1419 1418 369
601 1 0 1419 1336 378 1418
602 1 0 1206 595 1336 1419
603 1 0 427 1206 1419 1354
604 1 0 1421 1422 995 625
605 1 0 1422 1420 240 995
606 1 0 106 107 1420 1422
607 1 0 105 106 1422 1421
608 1 0 1425 1426 1228 518
609 1 0 1426 1423 612 1228
610 1 0 1424 611 1423 1426
611 1 0 229 1424 1426 1425
612 1 0 1429 1430 1427 421
613 1 0 1430 1357 457 1427
614 1 0 1428 631 1357 1430
615 1 0 630 1428 1430 1429
616 1 0 1433 1434 1347 332
617 1 0 1434 1431 337 1347
618 1 0 1432 391 1431 1434
619 1 0 331 1432 1434 1433
620 1 0 1436 1437 1435 626
621 1 0 1437 1421 625 1435
622 1 0 104 105 1421 1437
623 1 0 103 104 1437 1436
624 1 0 1440 1441 1438 271
625 1 0 1441 1439 272 1438
626 1 0 1142 571 1439 1441
627 1 0 494 1142 1441 1440
628 1 0 1173 1443 1317 269
629 1 0 1443 1442 270 1317
630 1 0 1438 272 1442 1443
631 1 0 271 1438 1443 1173
632 1 0 1446 1447 1444 283
633 1 0 1447 1305 580 1444
634 1 0 1445 278 1305 1447
635 1 0 280 1445 1447 1446
636 1 0 1107 1449 1196 575
637 1 0 1449 1448 293 1196
638 1 0 1260 294 1448 1449
639 1 0 574 1260 1449 1107
640 1 0 1431 1452 1450 337
641 1 0 1452 1399 545 1450
642 1 0 1451 392 1399 1452
643 1 0 391 1451 1452 1431
644 1 0 1454 1455 1183 629
645 1 0 1455 1165 593 1183
646 1 0 1453 683 1165 1455
647 1 0 452 1453 1455 1454
648 1 0 1459 1460 1456 356
649 1 0 1460 1457 299 1456
650 1 0 1458 300 1457 1460
651 1 0 355 1458 1460 1459
652 1 0 1463 1464 1461 311
653 1 0 1464 1462 590 1461
654 1 0 1309 591 1462 1464
655 1 0 309 1309 1464 1463
656 1 0 1465 1466 1377 244
657 1 0 1466 17 18 1377
658 1 0 1280 16 17 1466
659 1 0 570 1280 1466 1465
660 1 0 1468 1469 918 585
661 1 0 1469 1467 234 918
662 1 0 100 101 1467 1469
663 1 0 99 100 1469 1468
664 1 0 1473 1474 1470 444
665 1 0 1474 1471 467 1470
666 1 0 1472 614 1471 1474
667 1 0 429 1472 1474 1473
668 1 0 1477 1478 1475 274
669 1 0 1478 1476 276 1475
670 1 0 1304 278 1476 1478
671 1 0 277 1304 1478 1477
672 1 0 1195 1482 1479 617
673 1 0 1482 1480 290 1479
674 1 0 1481 292 1480 1482
675 1 0 293 1481 1482 1195
676 1 0 985 1485 1483 430
677 1 0 1485 1484 406 1483
678 1 0 1400 392 1484 1485
679 1 0 405 1400 1485 985
680 1 0 1487 1488 1486 594
681 1 0 1488 31 32 1486
682 1 0 1323 30 31 1488
683 1 0 233 1323 1488 1487
684 1 0 1491 1492 1489 283
685 1 0 1492 1490 284 1489
686 1 0 1265 287 1490 1492
687 1 0 628 1265 1492 1491
688 1 0 850 1494 1293 533
689 1 0 1494 1493 248 1293
690 1 0 96 97 1493 1494
691 1 0 95 96 1494 850
692 1 0 1394 1497 1495 492
693 1 0 1497 1496 438 1495
694 1 0 1483 406 1496 1497
695 1 0 430 1483 1497 1394
696 1 0 1420 1498 1070 240
697 1 0 1498 1384 598 1070
698 1 0 108 109 1384 1498
699 1 0 107 108 1498 1420
700 1 0 1501 1502 1499 441
701 1 0 1502 1188 604 1499
702 1 0 1500 602 1188 1502
703 1 0 731 1500 1502 1501
704 1 0 1429 1506 1503 630
705 1 0 1506 1504 382 1503
706 1 0 1505 409 1504 1506
707 1 0 421 1505 1506 1429
708 1 0 1509 1510 1507 251
709 1 0 1510 1423 611 1507
710 1 0 1508 612 1423 1510
711 1 0 613 1508 1510 1509
712 1 0 1366 1513 1511 239
713 1 0 1513 23 24 1511
714 1 0 1512 22 23 1513
715 1 0 603 1512 1513 1366
716 1 0 1186 1514 1512 603
717 1 0 1514 21 22 1512
718 1 0 1376 20 21 1514
719 1 0 600 1376 1514 1186
720 1 0 947 1517 1202 724
721 1 0 1517 1515 525 1202
722 1 0 1516 501 1515 1517
723 1 0 526 1516 1517 947
724 1 0 1358 1520 1518 457
725 1 0 1520 1519 446 1518
726 1 0 1167 553 1519 1520
727 1 0 552 1167 1520 1358
728 1 0 1093 1522 1521 576
729 1 0 1522 848 230 1521
730 1 0 92 93 848 1522
731 1 0 91 92 1522 1093
732 1 0 1135 1525 1381 587
733 1 0 1525 1523 324 1381
734 1 0 1524 327 1523 1525
735 1 0 662 1524 1525 1135
736 1 0 1424 1528 1526 611
737 1 0 1528 39 40 1526
738 1 0 1527 38 39 1528
739 1 0 229 1527 1528 1424
740 1 0 1531 1532 1262 589
741 1 0 1532 1529 296 1262
742 1 0 1530 298 1529 1532
743 1 0 299 1530 1532 1531
744 1 0 1535 1536 1191 623
745 1 0 1536 1533 646 1191
746 1 0 1534 643 1533 1536
747 1 0 252 1534 1536 1535
748 1 0 1446 1539 1537 280
749 1 0 1539 1538 282 1537
750 1 0 1489 284 1538 1539
751 1 0 283 1489 1539 1446
752 1 0 1542 1543 1540 314
753 1 0 1543 1541 320 1540
754 1 0 1461 590 1541 1543
755 1 0 311 1461 1543 1542
756 1 0 1547 1548 1544 346
757 1 0 1548 1545 348 1544
758 1 0 1546 365 1545 1548
759 1 0 632 1546 1548 1547
760 1 0 1124 1550 1444 580
761 1 0 1550 1491 283 1444
762 1 0 1549 628 1491 1550
763 1 0 688 1549 1550 1124
764 1 0 1553 1554 1551 618
765 1 0 1554 43 44 1551
766 1 0 1552 42 43 1554
767 1 0 251 1552 1554 1553
768 1 0 1558 1559 1555 342
769 1 0 1559 1556 641 1555
770 1 0 1557 453 1556 1559
771 1 0 352 1557 1559 1558
772 1 0 1563 1564 1560 359
773 1 0 1564 1561 368 1560
774 1 0 1562 393 1561 1564
775 1 0 358 1562 1564 1563
776 1 0 1567 1568 803 787
777 1 0 1568 1565 654 803
778 1 0 1566 236 1565 1568
779 1 0 655 1566 1568 1567
780 1 0 1571 1572 1569 419
781 1 0 1572 1570 461 1569
782 1 0 924 522 1570 1572
783 1 0 637 924 1572 1571
784 1 0 1574 1575 1573 449
785 1 0 1575 1267 448 1573
786 1 0 1311 371 1267 1575
787 1 0 413 1311 1575 1574
788 1 0 1462 1577 1576 590
789 1 0 1577 1163 592 1576
790 1 0 1182 593 1163 1577
791 1 0 591 1182 1577 1462
792 1 0 1578 1579 1561 393
793 1 0 1579 1352 368 1561
794 1 0 1374 636 1352 1579
795 1 0 397 1374 1579 1578
796 1 0 1467 1580 998 234
797 1 0 1580 1436 626 998
798 1 0 102 103 1436 1580
799 1 0 101 102 1580 1467
800 1 0 1581 1582 1194 617
801 1 0 1582 1032 451 1194
802 1 0 1313 374 1032 1582
803 1 0 353 1313 1582 1581
804 1 0 1585 1586 1373 397
805 1 0 1586 1583 417 1373
806 1 0 1584 475 1583 1586
807 1 0 415 1584 1586 1585
808 1 0 1583 1589 1340 417
809 1 0 1589 1587 478 1340
810 1 0 1588 519 1587 1589
811 1 0 475 1588 1589 1583
812 1 0 25 1591 1511 24
813 1 0 1591 1590 239 1511
814 1 0 1284 606 1590 1591
815 1 0 26 1284 1591 25
816 1 0 1592 1593 1405 422
817 1 0 1593 1518 446 1405
818 1 0 1427 457 1518 1593
819 1 0 421 1427 1593 1592
820 1 0 1490 1596 1594 284
821 1 0 1596 1595 286 1594
822 1 0 1390 288 1595 1596
823 1 0 287 1390 1596 1490
824 1 0 1180 1600 1597 629
825 1 0 1600 1598 302 1597
826 1 0 1599 304 1598 1600
827 1 0 305 1599 1600 1180
828 1 0 1604 1605 1601 660
829 1 0 1605 1602 225 1601
830 1 0 1603 619 1602 1605
831 1 0 620 1603 1605 1604
832 1 0 1289 1608 1606 497
833 1 0 1608 1607 450 1606
834 1 0 1573 448 1607 1608
835 1 0 449 1573 1608 1289
836 1 0 1379 1612 1609 325
837 1 0 1612 1610 318 1609
838 1 0 1611 321 1610 1612
839 1 0 322 1611 1612 1379
840 1 0 1571 1615 1334 637
841 1 0 1615 1613 420 1334
842 1 0 1614 402 1613 1615
843 1 0 419 1614 1615 1571
844 1 0 959 1617 1616 249
845 1 0 1617 33 34 1616
846 1 0 1486 32 33 1617
847 1 0 594 1486 1617 959
848 1 0 1621 1622 1618 645
849 1 0 1622 1619 650 1618
850 1 0 1620 253 1619 1622
851 1 0 649 1620 1622 1621
852 1 0 1623 1624 819 635
853 1 0 1624 1092 250 819
854 1 0 88 89 1092 1624
855 1 0 87 88 1624 1623
856 1 0 1535 1627 1625 252
857 1 0 1627 1604 660 1625
858 1 0 1626 620 1604 1627
859 1 0 623 1626 1627 1535
860 1 0 1428 1629 1160 631
861 1 0 1629 1546 632 1160
862 1 0 1628 365 1546 1629
863 1 0 630 1628 1629 1428
864 1 0 1238 1631 1083 588
865 1 0 1631 1570 522 1083
866 1 0 1630 461 1570 1631
867 1 0 517 1630 1631 1238
868 1 0 1493 1632 885 248
869 1 0 1632 1468 585 885
870 1 0 98 99 1468 1632
871 1 0 97 98 1632 1493
872 1 0 1636 1637 1633 331
873 1 0 1637 1634 327 1633
874 1 0 1635 329 1634 1637
875 1 0 330 1635 1637 1636
876 1 0 1533 1641 1638 646
877 1 0 1641 1639 644 1638
878 1 0 1640 235 1639 1641
879 1 0 643 1640 1641 1533
880 1 0 1507 1642 1552 251
881 1 0 1642 41 42 1552
882 1 0 1526 40 41 1642
883 1 0 611 1526 1642 1507
884 1 0 1225 1643 969 572
885 1 0 1643 1152 573 969
886 1 0 124 125 1152 1643
887 1 0 123 124 1643 1225
888 1 0 1645 1646 1644 225
889 1 0 1646 45 46 1644
890 1 0 1551 44 45 1646
891 1 0 618 1551 1646 1645
892 1 0 1649 1650 1459 356
893 1 0 1650 1647 355 1459
894 1 0 1648 452 1647 1650
895 1 0 357 1648 1650 1649
896 1 0 1371 1651 954 578
897 1 0 1651 7 8 954
898 1 0 1154 6 7 1651
899 1 0 577 1154 1651 1371
900 1 0 1353 1654 1560 368
901 1 0 1654 1652 359 1560
902 1 0 1653 370 1652 1654
903 1 0 369 1653 1654 1353
904 1 0 1534 1657 1655 643
905 1 0 1657 51 52 1655
906 1 0 1656 50 51 1657
907 1 0 252 1656 1657 1534
908 1 0 1659 1660 835 584
909 1 0 1660 1658 582 835
910 1 0 1319 447 1658 1660
911 1 0 583 1319 1660 1659
912 1 0 1503 1663 1628 630
913 1 0 1663 1661 365 1628
914 1 0 1662 381 1661 1663
915 1 0 382 1662 1663 1503
916 1 0 1454 1665 1647 452
917 1 0 1665 1458 355 1647
918 1 0 1664 300 1458 1665
919 1 0 629 1664 1665 1454
920 1 0 1603 1668 976 619
921 1 0 1668 1666 621 976
922 1 0 1667 622 1666 1668
923 1 0 620 1667 1668 1603
924 1 0 1672 1673 1669 651
925 1 0 1673 1670 657 1669
926 1 0 1671 263 1670 1673
927 1 0 656 1671 1673 1672
928 1 0 1674 1675 822 226
929 1 0 1675 1623 635 822
930 1 0 86 87 1623 1675
931 1 0 85 86 1675 1674
932 1 0 1547 1677 1159 632
933 1 0 1677 1414 425 1159
934 1 0 1676 344 1414 1677
935 1 0 346 1676 1677 1547
936 1 0 1679 1680 82 83
937 1 0 1680 1678 81 82
938 1 0 802 654 1678 1680
939 1 0 653 802 1680 1679
940 1 0 1679 1681 858 653
941 1 0 1681 1674 226 858
942 1 0 84 85 1674 1681
943 1 0 83 84 1681 1679
944 1 0 872 1682 983 769
945 1 0 1682 1387 548 983
946 1 0 1402 466 1387 1682
947 1 0 549 1402 1682 872
948 1 0 1620 1685 1683 253
949 1 0 1685 57 58 1683
950 1 0 1684 56 57 1685
951 1 0 649 1684 1685 1620
952 1 0 1418 1688 1653 369
953 1 0 1688 1686 370 1653
954 1 0 1687 379 1686 1688
955 1 0 378 1687 1688 1418
956 1 0 1640 1690 1689 235
957 1 0 1690 53 54 1689
958 1 0 1655 52 53 1690
959 1 0 643 1655 1690 1640
960 1 0 1472 1694 1691 614
961 1 0 1694 1692 424 1691
962 1 0 1693 428 1692 1694
963 1 0 429 1693 1694 1472
964 1 0 1477 1696 1253 277
965 1 0 1696 1439 571 1253
966 1 0 1695 272 1439 1696
967 1 0 274 1695 1696 1477
968 1 0 1463 1700 1697 309
969 1 0 1700 1698 310 1697
970 1 0 1699 313 1698 1700
971 1 0 311 1699 1700 1463
972 1 0 1337 1703 1687 378
973 1 0 1703 1701 379 1687
974 1 0 1702 387 1701 1703
975 1 0 386 1702 1703 1337
976 1 0 1308 1706 1704 306
977 1 0 1706 1705 308 1704
978 1 0 1697 310 1705 1706
979 1 0 309 1697 1706 1308
980 1 0 1671 1709 1707 263
981 1 0 1709 61 62 1707
982 1 0 1708 60 61 1709
983 1 0 656 1708 1709 1671
984 1 0 1396 1712 1702 386
985 1 0 1712 1710 387 1702
986 1 0 1711 402 1710 1712
987 1 0 401 1711 1712 1396
988 1 0 1713 1714 1565 236
989 1 0 1714 1678 654 1565
990 1 0 80 81 1678 1714
991 1 0 79 80 1714 1713
992 1 0 1531 1716 1456 299
993 1 0 1716 1715 356 1456
994 1 0 1139 669 1715 1716
995 1 0 589 1139 1716 1531
996 1 0 1581 1718 1391 353
997 1 0 1718 1717 288 1391
998 1 0 1479 290 1717 1718
999 1 0 617 1479 1718 1581
1000 1 0 1613 1719 914 420
1001 1 0 1719 1403 652 914
1002 1 0 1711 401 1403 1719
1003 1 0 402 1711 1719 1613
1004 1 0 1542 1722 1699 311
1005 1 0 1722 1720 313 1699
1006 1 0 1721 315 1720 1722
1007 1 0 314 1721 1722 1542
1008 1 0 1236 1725 1723 517
1009 1 0 1725 1724 698 1723
1010 1 0 1609 318 1724 1725
1011 1 0 325 1609 1725 1236
1012 1 0 47 1727 1644 46
1013 1 0 1727 1601 225 1644
1014 1 0 1726 660 1601 1727
1015 1 0 48 1726 1727 47
1016 1 0 59 1729 1683 58
1017 1 0 1729 1728 253 1683
1018 1 0 1708 656 1728 1729
1019 1 0 60 1708 1729 59
1020 1 0 55 1731 1689 54
1021 1 0 1731 1730 235 1689
1022 1 0 1684 649 1730 1731
1023 1 0 56 1684 1731 55
1024 1 0 1432 1733 1732 391
1025 1 0 1733 1524 662 1732
1026 1 0 1633 327 1524 1733
1027 1 0 331 1633 1733 1432
1028 1 0 1619 1734 1096 650
1029 1 0 1734 1672 651 1096
1030 1 0 1728 656 1672 1734
1031 1 0 253 1728 1734 1619
1032 1 0 1737 1738 1721 314
1033 1 0 1738 1735 315 1721
1034 1 0 1736 317 1735 1738
1035 1 0 316 1736 1738 1737
1036 1 0 1519 1740 1408 446
1037 1 0 1740 1739 616 1408
1038 1 0 1078 711 1739 1740
1039 1 0 553 1078 1740 1519
1040 1 0 1545 1743 1741 348
1041 1 0 1743 1742 364 1741
1042 1 0 1661 381 1742 1743
1043 1 0 365 1661 1743 1545
1044 1 0 1625 1744 1656 252
1045 1 0 1744 49 50 1656
1046 1 0 1726 48 49 1744
1047 1 0 660 1726 1744 1625
1048 1 0 1592 1747 1505 421
1049 1 0 1747 1745 409 1505
1050 1 0 1746 423 1745 1747
1051 1 0 422 1746 1747 1592
1052 1 0 1639 1749 1748 644
1053 1 0 1749 1621 645 1748
1054 1 0 1730 649 1621 1749
1055 1 0 235 1730 1749 1639
1056 1 0 1752 1753 1415 634
1057 1 0 1753 1750 633 1415
1058 1 0 1751 685 1750 1753
1059 1 0 682 1751 1753 1752
1060 1 0 1433 1756 1636 331
1061 1 0 1756 1754 330 1636
1062 1 0 1755 333 1754 1756
1063 1 0 332 1755 1756 1433
1064 1 0 1758 1759 1736 316
1065 1 0 1759 1757 317 1736
1066 1 0 1610 321 1757 1759
1067 1 0 318 1610 1759 1758
1068 1 0 1602 1761 1645 225
1069 1 0 1761 1760 618 1645
1070 1 0 977 694 1760 1761
1071 1 0 619 977 1761 1602
1072 1 0 1763 1764 1562 358
1073 1 0 1764 1762 393 1562
1074 1 0 1140 482 1762 1764
1075 1 0 669 1140 1764 1763
1076 1 0 1416 1768 1765 634
1077 1 0 1768 1766 341 1765
1078 1 0 1767 343 1766 1768
1079 1 0 344 1767 1768 1416
1080 1 0 1380 1772 1769 322
1081 1 0 1772 1770 323 1769
1082 1 0 1771 326 1770 1772
1083 1 0 324 1771 1772 1380
1084 1 0 1136 1774 1732 662
1085 1 0 1774 1451 391 1732
1086 1 0 1773 392 1451 1774
1087 1 0 481 1773 1774 1136
1088 1 0 1406 1776 1746 422
1089 1 0 1776 1775 423 1746
1090 1 0 1692 428 1775 1776
1091 1 0 424 1692 1776 1406
1092 1 0 1777 1778 1192 624
1093 1 0 1778 1626 623 1192
1094 1 0 1667 620 1626 1778
1095 1 0 622 1667 1778 1777
1096 1 0 1782 1783 1779 499
1097 1 0 1783 1780 498 1779
1098 1 0 1781 455 1780 1783
1099 1 0 459 1781 1783 1782
1100 1 0 996 1785 1435 625
1101 1 0 1785 1000 626 1435
1102 1 0 1784 740 1000 1785
1103 1 0 627 1784 1785 996
1104 1 0 1523 1787 1771 324
1105 1 0 1787 1786 326 1771
1106 1 0 1634 329 1786 1787
1107 1 0 327 1634 1787 1523
1108 1 0 1789 1790 1788 608
1109 1 0 1790 875 609 1788
1110 1 0 1362 610 875 1790
1111 1 0 607 1362 1790 1789
1112 1 0 1792 1793 1791 301
1113 1 0 1793 1597 302 1791
1114 1 0 1664 629 1597 1793
1115 1 0 300 1664 1793 1792
1116 1 0 1794 1795 1361 607
1117 1 0 1795 1590 606 1361
1118 1 0 1365 239 1590 1795
1119 1 0 605 1365 1795 1794
1120 1 0 1798 1799 1796 540
1121 1 0 1799 951 541 1796
1122 1 0 1797 543 951 1799
1123 1 0 542 1797 1799 1798
1124 1 0 1802 1803 1781 459
1125 1 0 1803 1800 455 1781
1126 1 0 1801 416 1800 1803
1127 1 0 400 1801 1803 1802
1128 1 0 1806 1807 1804 367
1129 1 0 1807 1801 400 1804
1130 1 0 1805 416 1801 1807
1131 1 0 437 1805 1807 1806
1132 1 0 1810 1811 1808 464
1133 1 0 1811 817 512 1808
1134 1 0 1809 514 817 1811
1135 1 0 513 1809 1811 1810
1136 1 0 1814 1815 1812 528
1137 1 0 1815 1516 526 1812
1138 1 0 1813 501 1516 1815
1139 1 0 527 1813 1815 1814
1140 1 0 1817 1818 1676 346
1141 1 0 1818 1767 344 1676
1142 1 0 1816 343 1767 1818
1143 1 0 345 1816 1818 1817
1144 1 0 1821 1822 840 576
1145 1 0 1822 1819 505 840
1146 1 0 1820 463 1819 1822
1147 1 0 569 1820 1822 1821
1148 1 0 1649 1824 1823 357
1149 1 0 1824 1763 358 1823
1150 1 0 1715 669 1763 1824
1151 1 0 356 1715 1824 1649
1152 1 0 1348 1827 1755 332
1153 1 0 1827 1825 333 1755
1154 1 0 1826 335 1825 1827
1155 1 0 334 1826 1827 1348
1156 1 0 1307 1830 1599 305
1157 1 0 1830 1828 304 1599
1158 1 0 1829 307 1828 1830
1159 1 0 306 1829 1830 1307
1160 1 0 1834 1835 1831 351
1161 1 0 1835 1832 350 1831
1162 1 0 1833 348 1832 1835
1163 1 0 347 1833 1835 1834
1164 1 0 1839 1840 1836 376
1165 1 0 1840 1837 375 1836
1166 1 0 1838 349 1837 1840
1167 1 0 352 1838 1840 1839
1168 1 0 1555 1844 1841 342
1169 1 0 1844 1842 340 1841
1170 1 0 1843 668 1842 1844
1171 1 0 641 1843 1844 1555
1172 1 0 1457 1846 1530 299
1173 1 0 1846 1845 298 1530
1174 1 0 1792 301 1845 1846
1175 1 0 300 1792 1846 1457
1176 1 0 1833 1848 1544 348
1177 1 0 1848 1817 346 1544
1178 1 0 1847 345 1817 1848
1179 1 0 347 1847 1848 1833
1180 1 0 1852 1853 1849 339
1181 1 0 1853 1850 372 1849
1182 1 0 1851 383 1850 1853
1183 1 0 373 1851 1853 1852
1184 1 0 1857 1858 1854 468
1185 1 0 1858 1855 469 1854
1186 1 0 1856 500 1855 1858
1187 1 0 470 1856 1858 1857
1188 1 0 1861 1862 1859 472
1189 1 0 1862 1277 435 1859
1190 1 0 1860 432 1277 1862
1191 1 0 436 1860 1862 1861
1192 1 0 1704 1865 1829 306
1193 1 0 1865 1863 307 1829
1194 1 0 1864 312 1863 1865
1195 1 0 308 1864 1865 1704
1196 1 0 1652 1869 1866 359
1197 1 0 1869 1867 674 1866
1198 1 0 1868 394 1867 1869
1199 1 0 370 1868 1869 1652
1200 1 0 1448 1872 1481 293
1201 1 0 1872 1870 292 1481
1202 1 0 1871 295 1870 1872
1203 1 0 294 1871 1872 1448
1204 1 0 1100 1874 1723 698
1205 1 0 1874 1630 517 1723
1206 1 0 1873 461 1630 1874
1207 1 0 479 1873 1874 1100
1208 1 0 1876 1877 1717 290
1209 1 0 1877 1595 288 1717
1210 1 0 1875 286 1595 1877
1211 1 0 289 1875 1877 1876
1212 1 0 1879 1880 1594 286
1213 1 0 1880 1538 284 1594
1214 1 0 1878 282 1538 1880
1215 1 0 285 1878 1880 1879
1216 1 0 1882 1883 1480 292
1217 1 0 1883 1876 290 1480
1218 1 0 1881 289 1876 1883
1219 1 0 291 1881 1883 1882
1220 1 0 1887 1888 1884 440
1221 1 0 1888 1885 426 1884
1222 1 0 1886 399 1885 1888
1223 1 0 398 1886 1888 1887
1224 1 0 1598 1892 1889 302
1225 1 0 1892 1890 303 1889
1226 1 0 1891 668 1890 1892
1227 1 0 304 1891 1892 1598
1228 1 0 1578 1894 1585 397
1229 1 0 1894 1893 415 1585
1230 1 0 1762 482 1893 1894
1231 1 0 393 1762 1894 1578
1232 1 0 1412 1897 1826 334
1233 1 0 1897 1895 335 1826
1234 1 0 1896 338 1895 1897
1235 1 0 336 1896 1897 1412
1236 1 0 1900 1901 1898 489
1237 1 0 1901 1899 395 1898
1238 1 0 1886 398 1899 1901
1239 1 0 399 1886 1901 1900
1240 1 0 1558 1904 1838 352
1241 1 0 1904 1902 349 1838
1242 1 0 1903 343 1902 1904
1243 1 0 342 1903 1904 1558
1244 1 0 1889 1907 1791 302
1245 1 0 1907 1905 301 1791
1246 1 0 1906 458 1905 1907
1247 1 0 303 1906 1907 1889
1248 1 0 1563 1909 1823 358
1249 1 0 1909 1908 357 1823
1250 1 0 1866 674 1908 1909
1251 1 0 359 1866 1909 1563
1252 1 0 1912 1913 1910 670
1253 1 0 1913 1899 398 1910
1254 1 0 1911 395 1899 1913
1255 1 0 375 1911 1913 1912
1256 1 0 1863 1917 1914 307
1257 1 0 1917 1915 340 1914
1258 1 0 1916 341 1915 1917
1259 1 0 312 1916 1917 1863
1260 1 0 1903 1918 1766 343
1261 1 0 1918 1915 341 1766
1262 1 0 1841 340 1915 1918
1263 1 0 342 1841 1918 1903
1264 1 0 1261 1921 1871 294
1265 1 0 1921 1919 295 1871
1266 1 0 1920 297 1919 1921
1267 1 0 296 1920 1921 1261
1268 1 0 1923 1924 865 523
1269 1 0 1924 193 192 865
1270 1 0 1922 194 193 1924
1271 1 0 232 1922 1924 1923
1272 1 0 1927 1928 1925 520
1273 1 0 1928 199 198 1925
1274 1 0 1926 200 199 1928
1275 1 0 238 1926 1928 1927
1276 1 0 1529 1931 1920 296
1277 1 0 1931 1929 297 1920
1278 1 0 1930 671 1929 1931
1279 1 0 298 1930 1931 1529
1280 1 0 1933 1934 1445 280
1281 1 0 1934 1476 278 1445
1282 1 0 1932 276 1476 1934
1283 1 0 279 1932 1934 1933
1284 1 0 1936 1937 1614 419
1285 1 0 1937 1710 402 1614
1286 1 0 1935 387 1710 1937
1287 1 0 418 1935 1937 1936
1288 1 0 1302 1940 1851 373
1289 1 0 1940 1938 383 1851
1290 1 0 1939 388 1938 1940
1291 1 0 384 1939 1940 1302
1292 1 0 1944 1945 1941 665
1293 1 0 1945 1942 412 1941
1294 1 0 1943 463 1942 1945
1295 1 0 464 1943 1945 1944
1296 1 0 1947 1948 1537 282
1297 1 0 1948 1933 280 1537
1298 1 0 1946 279 1933 1948
1299 1 0 281 1946 1948 1947
1300 1 0 1769 1951 1611 322
1301 1 0 1951 1949 321 1611
1302 1 0 1950 328 1949 1951
1303 1 0 323 1950 1951 1769
1304 1 0 839 1952 1808 512
1305 1 0 1952 1943 464 1808
1306 1 0 1819 463 1943 1952
1307 1 0 505 1819 1952 839
1308 1 0 1916 1954 1765 341
1309 1 0 1954 1752 634 1765
1310 1 0 1953 682 1752 1954
1311 1 0 312 1953 1954 1916
1312 1 0 1828 1955 1891 304
1313 1 0 1955 1842 668 1891
1314 1 0 1914 340 1842 1955
1315 1 0 307 1914 1955 1828
1316 1 0 1957 1958 1816 345
1317 1 0 1958 1902 343 1816
1318 1 0 1956 349 1902 1958
1319 1 0 666 1956 1958 1957
1320 1 0 1297 1961 1939 384
1321 1 0 1961 1959 388 1939
1322 1 0 1960 431 1959 1961
1323 1 0 389 1960 1961 1297
1324 1 0 1963 1964 1569 461
1325 1 0 1964 1936 419 1569
1326 1 0 1962 418 1936 1964
1327 1 0 460 1962 1964 1963
1328 1 0 1484 1966 1965 406
1329 1 0 1966 1085 667 1965
1330 1 0 1773 481 1085 1966
1331 1 0 392 1773 1966 1484
1332 1 0 1968 1969 1870 295
1333 1 0 1969 1882 292 1870
1334 1 0 1967 291 1882 1969
1335 1 0 677 1967 1969 1968
1336 1 0 1541 1971 1970 320
1337 1 0 1971 1087 680 1970
1338 1 0 1576 592 1087 1971
1339 1 0 590 1576 1971 1541
1340 1 0 1974 1975 1972 396
1341 1 0 1975 1973 410 1972
1342 1 0 1942 463 1973 1975
1343 1 0 412 1942 1975 1974
1344 1 0 1978 1979 1976 411
1345 1 0 1979 1972 410 1976
1346 1 0 1977 396 1972 1979
1347 1 0 380 1977 1979 1978
1348 1 0 171 1982 1980 172
1349 1 0 1982 814 663 1980
1350 1 0 1981 227 814 1982
1351 1 0 170 1981 1982 171
1352 1 0 173 1985 1983 174
1353 1 0 1985 1984 255 1983
1354 1 0 1980 663 1984 1985
1355 1 0 172 1980 1985 173
1356 1 0 1988 1989 1475 276
1357 1 0 1989 1986 274 1475
1358 1 0 1987 273 1986 1989
1359 1 0 275 1987 1989 1988
1360 1 0 1837 1991 1911 375
1361 1 0 1991 1990 395 1911
1362 1 0 1956 666 1990 1991
1363 1 0 349 1956 1991 1837
1364 1 0 1064 1994 1992 454
1365 1 0 1994 1786 329 1992
1366 1 0 1993 326 1786 1994
1367 1 0 361 1993 1994 1064
1368 1 0 179 1998 1995 180
1369 1 0 1998 1996 664 1995
1370 1 0 1997 224 1996 1998
1371 1 0 178 1997 1998 179
1372 1 0 2000 2001 1875 289
1373 1 0 2001 1879 286 1875
1374 1 0 1999 285 1879 2001
1375 1 0 678 1999 2001 2000
1376 1 0 1496 2002 888 438
1377 1 0 2002 926 439 888
1378 1 0 1965 667 926 2002
1379 1 0 406 1965 2002 1496
1380 1 0 2006 2007 2003 472
1381 1 0 2007 2004 474 2003
1382 1 0 2005 502 2004 2007
1383 1 0 480 2005 2007 2006
1384 1 0 1974 2011 2008 412
1385 1 0 2011 2009 491 2008
1386 1 0 2010 687 2009 2011
1387 1 0 396 2010 2011 1974
1388 1 0 2015 2016 2012 487
1389 1 0 2016 2013 486 2012
1390 1 0 2014 484 2013 2016
1391 1 0 485 2014 2016 2015
1392 1 0 1986 2018 1695 274
1393 1 0 2018 1442 272 1695
1394 1 0 2017 270 1442 2018
1395 1 0 273 2017 2018 1986
1396 1 0 2021 2022 2019 354
1397 1 0 2022 2020 362 2019
1398 1 0 1929 671 2020 2022
1399 1 0 297 1929 2022 2021
1400 1 0 181 2025 2023 182
1401 1 0 2025 2024 257 2023
1402 1 0 1995 664 2024 2025
1403 1 0 180 1995 2025 181
1404 1 0 1845 2027 1930 298
1405 1 0 2027 2026 671 1930
1406 1 0 1905 458 2026 2027
1407 1 0 301 1905 2027 1845
1408 1 0 2030 2031 2014 485
1409 1 0 2031 2028 484 2014
1410 1 0 2029 483 2028 2031
1411 1 0 377 2029 2031 2030
1412 1 0 2034 2035 1804 400
1413 1 0 2035 2032 367 1804
1414 1 0 2033 696 2032 2035
1415 1 0 661 2033 2035 2034
1416 1 0 2038 2039 1856 470
1417 1 0 2039 2036 500 1856
1418 1 0 2037 690 2036 2039
1419 1 0 501 2037 2039 2038
1420 1 0 1947 2042 2040 281
1421 1 0 2042 2041 672 2040
1422 1 0 1878 285 2041 2042
1423 1 0 282 1878 2042 1947
1424 1 0 2021 2044 1919 297
1425 1 0 2044 1968 295 1919
1426 1 0 2043 677 1968 2044
1427 1 0 354 2043 2044 2021
1428 1 0 1110 2047 2045 567
1429 1 0 2047 2046 246 2045
1430 1 0 143 142 2046 2047
1431 1 0 144 143 2047 1110
1432 1 0 1864 2049 1953 312
1433 1 0 2049 2048 682 1953
1434 1 0 1705 310 2048 2049
1435 1 0 308 1705 2049 1864
1436 1 0 2051 2052 1102 689
1437 1 0 2052 2050 725 1102
1438 1 0 1970 680 2050 2052
1439 1 0 320 1970 2052 2051
1440 1 0 2055 2056 2053 476
1441 1 0 2056 2054 477 2053
1442 1 0 2040 672 2054 2056
1443 1 0 281 2040 2056 2055
1444 1 0 2059 2060 2057 696
1445 1 0 2060 1834 351 2057
1446 1 0 2058 347 1834 2060
1447 1 0 686 2058 2060 2059
1448 1 0 2063 2064 1274 700
1449 1 0 2064 2061 319 1274
1450 1 0 2062 313 2061 2064
1451 1 0 685 2062 2064 2063
1452 1 0 1849 2068 2065 339
1453 1 0 2068 2066 338 2065
1454 1 0 2067 385 2066 2068
1455 1 0 372 2067 2068 1849
1456 1 0 1584 2070 2069 475
1457 1 0 2070 1106 673 2069
1458 1 0 1893 482 1106 2070
1459 1 0 415 1893 2070 1584
1460 1 0 2072 2073 1881 291
1461 1 0 2073 2000 289 1881
1462 1 0 2071 678 2000 2073
1463 1 0 377 2071 2073 2072
1464 1 0 2072 2075 2029 377
1465 1 0 2075 2074 483 2029
1466 1 0 1967 677 2074 2075
1467 1 0 291 1967 2075 2072
1468 1 0 1044 2077 1383 597
1469 1 0 2077 1072 598 1383
1470 1 0 2076 734 1072 2077
1471 1 0 599 2076 2077 1044
1472 1 0 1588 2079 2078 519
1473 1 0 2079 1059 568 2078
1474 1 0 2069 673 1059 2079
1475 1 0 475 2069 2079 1588
1476 1 0 1990 2082 1898 395
1477 1 0 2082 2080 489 1898
1478 1 0 2081 686 2080 2082
1479 1 0 666 2081 2082 1990
1480 1 0 1246 2085 1021 471
1481 1 0 2085 2083 530 1021
1482 1 0 2084 778 2083 2085
1483 1 0 554 2084 2085 1246
1484 1 0 1908 2087 1648 357
1485 1 0 2087 1453 452 1648
1486 1 0 2086 683 1453 2087
1487 1 0 674 2086 2087 1908
1488 1 0 1737 2089 2088 316
1489 1 0 2089 2051 689 2088
1490 1 0 1540 320 2051 2089
1491 1 0 314 1540 2089 1737
1492 1 0 1686 2092 1868 370
1493 1 0 2092 2090 394 1868
1494 1 0 2091 675 2090 2092
1495 1 0 379 2091 2092 1686
1496 1 0 1701 2094 2091 379
1497 1 0 2094 2093 675 2091
1498 1 0 1935 418 2093 2094
1499 1 0 387 1935 2094 1701
1500 1 0 1509 2096 2095 613
1501 1 0 2096 1760 694 2095
1502 1 0 1553 618 1760 2096
1503 1 0 251 1553 2096 1509
1504 1 0 1957 2097 2081 666
1505 1 0 2097 2058 686 2081
1506 1 0 1847 347 2058 2097
1507 1 0 345 1847 2097 1957
1508 1 0 2100 2101 1079 328
1509 1 0 2101 2098 711 1079
1510 1 0 2099 614 2098 2101
1511 1 0 615 2099 2101 2100
1512 1 0 2103 2104 2026 458
1513 1 0 2104 2020 671 2026
1514 1 0 2102 362 2020 2104
1515 1 0 687 2102 2104 2103
1516 1 0 1549 2106 1264 628
1517 1 0 2106 1607 448 1264
1518 1 0 2105 450 1607 2106
1519 1 0 688 2105 2106 1549
1520 1 0 2062 2107 1698 313
1521 1 0 2107 2048 310 1698
1522 1 0 1751 682 2048 2107
1523 1 0 685 1751 2107 2062
1524 1 0 2109 2110 1962 460
1525 1 0 2110 2093 418 1962
1526 1 0 2108 675 2093 2110
1527 1 0 462 2108 2110 2109
1528 1 0 2111 2112 1977 380
1529 1 0 2112 2010 396 1977
1530 1 0 2102 687 2010 2112
1531 1 0 362 2102 2112 2111
1532 1 0 2063 2113 1750 685
1533 1 0 2113 1161 633 1750
1534 1 0 1356 631 1161 2113
1535 1 0 700 1356 2113 2063
1536 1 0 2116 2117 2114 488
1537 1 0 2117 2115 486 2114
1538 1 0 916 681 2115 2117
1539 1 0 509 916 2117 2116
1540 1 0 2118 2119 1024 530
1541 1 0 2119 1125 531 1024
1542 1 0 2105 688 1125 2119
1543 1 0 450 2105 2119 2118
1544 1 0 1103 2120 2088 689
1545 1 0 2120 1758 316 2088
1546 1 0 1724 318 1758 2120
1547 1 0 698 1724 2120 1103
1548 1 0 1890 2123 2121 303
1549 1 0 2123 2122 692 2121
1550 1 0 1843 641 2122 2123
1551 1 0 668 1843 2123 1890
1552 1 0 1720 2125 2061 313
1553 1 0 2125 1273 319 2061
1554 1 0 2124 702 1273 2125
1555 1 0 315 2124 2125 1720
1556 1 0 2127 2128 2043 354
1557 1 0 2128 2074 677 2043
1558 1 0 2126 483 2074 2128
1559 1 0 693 2126 2128 2127
1560 1 0 2099 2130 1471 614
1561 1 0 2130 2129 467 1471
1562 1 0 1036 718 2129 2130
1563 1 0 615 1036 2130 2099
1564 1 0 205 2134 2131 206
1565 1 0 2134 2132 242 2131
1566 1 0 2133 676 2132 2134
1567 1 0 204 2133 2134 205
1568 1 0 1556 2137 2122 641
1569 1 0 2137 2135 692 2122
1570 1 0 2136 705 2135 2137
1571 1 0 453 2136 2137 1556
1572 1 0 2139 2140 1527 229
1573 1 0 2140 37 38 1527
1574 1 0 2138 36 37 2140
1575 1 0 712 2138 2140 2139
1576 1 0 2142 2143 2141 366
1577 1 0 2143 2057 351 2141
1578 1 0 2032 696 2057 2143
1579 1 0 367 2032 2143 2142
1580 1 0 2003 2146 1861 472
1581 1 0 2146 2144 436 1861
1582 1 0 2145 504 2144 2146
1583 1 0 474 2145 2146 2003
1584 1 0 2111 2148 2019 362
1585 1 0 2148 2127 354 2019
1586 1 0 2147 693 2127 2148
1587 1 0 380 2147 2148 2111
1588 1 0 2013 2151 2114 486
1589 1 0 2151 2149 488 2114
1590 1 0 2150 706 2149 2151
1591 1 0 484 2150 2151 2013
1592 1 0 2154 2155 2152 739
1593 1 0 2155 1852 339 2152
1594 1 0 2153 373 1852 2155
1595 1 0 722 2153 2155 2154
1596 1 0 2158 2159 2156 708
1597 1 0 2159 2033 661 2156
1598 1 0 2157 696 2033 2159
1599 1 0 701 2157 2159 2158
1600 1 0 1211 2161 1269 259
1601 1 0 2161 1132 551 1269
1602 1 0 2160 684 1132 2161
1603 1 0 268 2160 2161 1211
1604 1 0 1316 2163 2160 268
1605 1 0 2163 2162 684 2160
1606 1 0 2017 273 2162 2163
1607 1 0 270 2017 2163 1316
1608 1 0 2165 2166 141 140
1609 1 0 2166 2046 142 141
1610 1 0 2164 246 2046 2166
1611 1 0 679 2164 2166 2165
1612 1 0 2169 2170 2167 433
1613 1 0 2170 2168 701 2167
1614 1 0 1900 489 2168 2170
1615 1 0 399 1900 2170 2169
1616 1 0 2038 2172 1515 501
1617 1 0 2172 1201 525 1515
1618 1 0 2171 723 1201 2172
1619 1 0 470 2171 2172 2038
1620 1 0 2174 2175 1999 678
1621 1 0 2175 2041 285 1999
1622 1 0 2173 672 2041 2175
1623 1 0 699 2173 2175 2174
1624 1 0 2090 2177 2176 394
1625 1 0 2177 1089 704 2176
1626 1 0 2108 462 1089 2177
1627 1 0 675 2108 2177 2090
1628 1 0 185 2180 2178 186
1629 1 0 2180 837 228 2178
1630 1 0 2179 710 837 2180
1631 1 0 184 2179 2180 185
1632 1 0 2181 2182 139 138
1633 1 0 2182 2165 140 139
1634 1 0 902 679 2165 2182
1635 1 0 260 902 2182 2181
1636 1 0 2030 2184 2071 377
1637 1 0 2184 2174 678 2071
1638 1 0 2183 699 2174 2184
1639 1 0 485 2183 2184 2030
1640 1 0 1988 2186 1051 275
1641 1 0 2186 2185 703 1051
1642 1 0 1932 279 2185 2186
1643 1 0 276 1932 2186 1988
1644 1 0 2055 2188 1946 281
1645 1 0 2188 2185 279 1946
1646 1 0 2187 703 2185 2188
1647 1 0 476 2187 2188 2055
1648 1 0 1978 2191 2147 380
1649 1 0 2191 2189 693 2147
1650 1 0 2190 706 2189 2191
1651 1 0 411 2190 2191 1978
1652 1 0 2121 2193 1906 303
1653 1 0 2193 2192 458 1906
1654 1 0 2135 705 2192 2193
1655 1 0 692 2135 2193 2121
1656 1 0 2196 2197 2194 491
1657 1 0 2197 2195 713 2194
1658 1 0 2136 453 2195 2197
1659 1 0 705 2136 2197 2196
1660 1 0 1659 2199 1208 583
1661 1 0 2199 2198 596 1208
1662 1 0 1112 753 2198 2199
1663 1 0 584 1112 2199 1659
1664 1 0 1080 2201 1949 328
1665 1 0 2201 1757 321 1949
1666 1 0 2200 317 1757 2201
1667 1 0 707 2200 2201 1080
1668 1 0 2059 2202 2080 686
1669 1 0 2202 2168 489 2080
1670 1 0 2157 701 2168 2202
1671 1 0 696 2157 2202 2059
1672 1 0 1735 2203 2124 315
1673 1 0 2203 1168 702 2124
1674 1 0 2200 707 1168 2203
1675 1 0 317 2200 2203 1735
1676 1 0 1802 2205 2034 400
1677 1 0 2205 2156 661 2034
1678 1 0 2204 708 2156 2205
1679 1 0 459 2204 2205 1802
1680 1 0 2100 2207 1039 615
1681 1 0 2207 2206 714 1039
1682 1 0 1950 323 2206 2207
1683 1 0 328 1950 2207 2100
1684 1 0 2015 2210 2183 485
1685 1 0 2210 2208 699 2183
1686 1 0 2209 709 2208 2210
1687 1 0 487 2209 2210 2015
1688 1 0 2189 2211 2126 693
1689 1 0 2211 2028 483 2126
1690 1 0 2150 484 2028 2211
1691 1 0 706 2150 2211 2189
1692 1 0 1867 2212 2086 674
1693 1 0 2212 1164 683 2086
1694 1 0 2176 704 1164 2212
1695 1 0 394 2176 2212 1867
1696 1 0 2009 2213 2196 491
1697 1 0 2213 2192 705 2196
1698 1 0 2103 458 2192 2213
1699 1 0 687 2103 2213 2009
1700 1 0 1052 2214 1987 275
1701 1 0 2214 2162 273 1987
1702 1 0 1131 684 2162 2214
1703 1 0 695 1131 2214 1052
1704 1 0 1114 2215 2023 257
1705 1 0 2215 183 182 2023
1706 1 0 2179 184 183 2215
1707 1 0 710 2179 2215 1114
1708 1 0 197 2218 1925 198
1709 1 0 2218 2216 520 1925
1710 1 0 2217 749 2216 2218
1711 1 0 196 2217 2218 197
1712 1 0 1407 2219 1691 424
1713 1 0 2219 2098 614 1691
1714 1 0 1739 711 2098 2219
1715 1 0 616 1739 2219 1407
1716 1 0 1034 2221 2078 568
1717 1 0 2221 2220 519 2078
1718 1 0 861 771 2220 2221
1719 1 0 414 861 2221 1034
1720 1 0 35 2223 1616 34
1721 1 0 2223 2222 249 1616
1722 1 0 2138 712 2222 2223
1723 1 0 36 2138 2223 35
1724 1 0 1217 2226 1068 537
1725 1 0 2226 2224 728 1068
1726 1 0 2225 730 2224 2226
1727 1 0 539 2225 2226 1217
1728 1 0 1129 2229 2227 473
1729 1 0 2229 2228 745 2227
1730 1 0 2045 246 2228 2229
1731 1 0 567 2045 2229 1129
1732 1 0 1839 2231 1557 352
1733 1 0 2231 2195 453 1557
1734 1 0 2230 713 2195 2231
1735 1 0 376 2230 2231 1839
1736 1 0 2208 2232 2173 699
1737 1 0 2232 2054 672 2173
1738 1 0 991 477 2054 2232
1739 1 0 709 991 2232 2208
1740 1 0 211 2235 2233 212
1741 1 0 2235 1026 247 2233
1742 1 0 2234 716 1026 2235
1743 1 0 210 2234 2235 211
1744 1 0 2008 2237 1941 412
1745 1 0 2237 2236 665 1941
1746 1 0 2194 713 2236 2237
1747 1 0 491 2194 2237 2008
1748 1 0 165 2240 2238 166
1749 1 0 2240 1056 254 2238
1750 1 0 2239 726 1056 2240
1751 1 0 164 2239 2240 165
1752 1 0 1038 2241 1993 361
1753 1 0 2241 1770 326 1993
1754 1 0 2206 323 1770 2241
1755 1 0 714 2206 2241 1038
1756 1 0 2243 2244 2230 376
1757 1 0 2244 2236 713 2230
1758 1 0 2242 665 2236 2244
1759 1 0 717 2242 2244 2243
1760 1 0 2245 2246 2109 460
1761 1 0 2246 1088 462 2109
1762 1 0 2050 680 1088 2246
1763 1 0 725 2050 2246 2245
1764 1 0 11 2248 956 10
1765 1 0 2248 972 262 956
1766 1 0 2247 736 972 2248
1767 1 0 12 2247 2248 11
1768 1 0 2251 2252 2249 441
1769 1 0 2252 1850 383 2249
1770 1 0 2250 372 1850 2252
1771 1 0 715 2250 2252 2251
1772 1 0 2254 2255 950 543
1773 1 0 2255 2253 735 950
1774 1 0 1251 560 2253 2255
1775 1 0 563 1251 2255 2254
1776 1 0 813 2258 2256 738
1777 1 0 2258 931 515 2256
1778 1 0 2257 772 931 2258
1779 1 0 227 2257 2258 813
1780 1 0 1912 2260 1836 375
1781 1 0 2260 2243 376 1836
1782 1 0 2259 717 2243 2260
1783 1 0 670 2259 2260 1912
1784 1 0 1470 2263 2261 444
1785 1 0 2263 2262 468 2261
1786 1 0 2129 718 2262 2263
1787 1 0 467 2129 2263 1470
1788 1 0 1635 2265 1992 329
1789 1 0 2265 1203 454 1992
1790 1 0 2264 724 1203 2265
1791 1 0 330 2264 2265 1635
1792 1 0 1276 2268 1960 389
1793 1 0 2268 2266 431 1960
1794 1 0 2267 732 2266 2268
1795 1 0 432 2267 2268 1276
1796 1 0 1944 2270 1810 464
1797 1 0 2270 2269 513 1810
1798 1 0 2242 717 2269 2270
1799 1 0 665 2242 2270 1944
1800 1 0 2273 2274 945 360
1801 1 0 2274 2271 529 945
1802 1 0 2272 761 2271 2274
1803 1 0 729 2272 2274 2273
1804 1 0 1638 2276 1190 646
1805 1 0 2276 1004 647 1190
1806 1 0 2275 720 1004 2276
1807 1 0 644 2275 2276 1638
1808 1 0 1825 2279 2277 333
1809 1 0 2279 2273 360 2277
1810 1 0 2278 729 2273 2279
1811 1 0 335 2278 2279 1825
1812 1 0 824 2281 1074 719
1813 1 0 2281 2280 721 1074
1814 1 0 1809 513 2280 2281
1815 1 0 514 1809 2281 824
1816 1 0 2005 2284 2282 502
1817 1 0 2284 904 508 2282
1818 1 0 2283 774 904 2284
1819 1 0 480 2283 2284 2005
1820 1 0 2285 2286 2259 670
1821 1 0 2286 2269 717 2259
1822 1 0 2280 513 2269 2286
1823 1 0 721 2280 2286 2285
1824 1 0 1062 2287 2262 718
1825 1 0 2287 1857 468 2262
1826 1 0 2171 470 1857 2287
1827 1 0 723 2171 2287 1062
1828 1 0 1666 2290 1019 621
1829 1 0 2290 2288 408 1019
1830 1 0 2289 767 2288 2290
1831 1 0 622 2289 2290 1666
1832 1 0 1027 2293 2291 247
1833 1 0 2293 845 556 2291
1834 1 0 2292 503 845 2293
1835 1 0 798 2292 2293 1027
1836 1 0 1887 2294 1910 398
1837 1 0 2294 2285 670 1910
1838 1 0 1076 721 2285 2294
1839 1 0 440 1076 2294 1887
1840 1 0 1218 2297 2295 539
1841 1 0 2297 2296 540 2295
1842 1 0 807 737 2296 2297
1843 1 0 538 807 2297 1218
1844 1 0 1896 2299 2065 338
1845 1 0 2299 2152 339 2065
1846 1 0 2298 739 2152 2299
1847 1 0 336 2298 2299 1896
1848 1 0 1450 2301 1350 337
1849 1 0 2301 2300 586 1350
1850 1 0 1067 728 2300 2301
1851 1 0 545 1067 2301 1450
1852 1 0 2304 2305 2251 441
1853 1 0 2305 2302 715 2251
1854 1 0 2303 608 2302 2305
1855 1 0 785 2303 2305 2304
1856 1 0 1796 2307 2295 540
1857 1 0 2307 2225 539 2295
1858 1 0 2306 730 2225 2307
1859 1 0 541 2306 2307 1796
1860 1 0 2277 2308 1754 333
1861 1 0 2308 2264 330 1754
1862 1 0 946 724 2264 2308
1863 1 0 360 946 2308 2277
1864 1 0 2310 2311 2309 231
1865 1 0 2311 163 162 2309
1866 1 0 2239 164 163 2311
1867 1 0 726 2239 2311 2310
1868 1 0 1873 2312 1963 461
1869 1 0 2312 2245 460 1963
1870 1 0 1101 725 2245 2312
1871 1 0 479 1101 2312 1873
1872 1 0 2313 2314 2187 476
1873 1 0 2314 1050 703 2187
1874 1 0 2076 599 1050 2314
1875 1 0 734 2076 2314 2313
1876 1 0 1314 2316 1031 374
1877 1 0 2316 860 414 1031
1878 1 0 2315 741 860 2316
1879 1 0 413 2315 2316 1314
1880 1 0 209 2319 2234 210
1881 1 0 2319 2317 716 2234
1882 1 0 2318 733 2317 2319
1883 1 0 208 2318 2319 209
1884 1 0 2153 2321 1301 373
1885 1 0 2321 2320 390 1301
1886 1 0 949 735 2320 2321
1887 1 0 722 949 2321 2153
1888 1 0 2324 2325 2322 744
1889 1 0 2325 2323 742 2322
1890 1 0 1295 532 2323 2325
1891 1 0 534 1295 2325 2324
1892 1 0 2328 2329 866 256
1893 1 0 2329 2326 523 866
1894 1 0 2327 771 2326 2329
1895 1 0 521 2327 2329 2328
1896 1 0 1923 2330 881 232
1897 1 0 2330 862 524 881
1898 1 0 2326 771 862 2330
1899 1 0 523 2326 2330 1923
1900 1 0 2116 2332 883 509
1901 1 0 2332 2323 532 883
1902 1 0 2331 742 2323 2332
1903 1 0 488 2331 2332 2116
1904 1 0 2333 2334 2066 385
1905 1 0 2334 1895 338 2066
1906 1 0 2278 335 1895 2334
1907 1 0 729 2278 2334 2333
1908 1 0 1393 2336 932 506
1909 1 0 2336 2256 515 932
1910 1 0 2335 738 2256 2336
1911 1 0 492 2335 2336 1393
1912 1 0 2084 2339 2337 778
1913 1 0 2339 2338 238 2337
1914 1 0 1247 752 2338 2339
1915 1 0 554 1247 2339 2084
1916 1 0 832 2343 2340 544
1917 1 0 2343 2341 542 2340
1918 1 0 2342 754 2341 2343
1919 1 0 237 2342 2343 832
1920 1 0 1029 2345 1171 555
1921 1 0 2345 2344 496 1171
1922 1 0 2317 733 2344 2345
1923 1 0 716 2317 2345 1029
1924 1 0 189 2348 867 190
1925 1 0 2348 2346 256 867
1926 1 0 2347 743 2346 2348
1927 1 0 188 2347 2348 189
1928 1 0 2349 2350 2131 242
1929 1 0 2350 207 206 2131
1930 1 0 2318 208 207 2350
1931 1 0 733 2318 2350 2349
1932 1 0 2154 2352 952 722
1933 1 0 2352 2306 541 952
1934 1 0 2351 730 2306 2352
1935 1 0 739 2351 2352 2154
1936 1 0 2354 2355 2322 742
1937 1 0 2355 2353 744 2322
1938 1 0 1976 410 2353 2355
1939 1 0 411 1976 2355 2354
1940 1 0 1938 2357 2249 383
1941 1 0 2357 1501 441 2249
1942 1 0 2356 731 1501 2357
1943 1 0 388 2356 2357 1938
1944 1 0 942 2358 2144 504
1945 1 0 2358 1860 436 2144
1946 1 0 2267 432 1860 2358
1947 1 0 732 2267 2358 942
1948 1 0 990 2360 1784 627
1949 1 0 2360 2359 740 1784
1950 1 0 2209 487 2359 2360
1951 1 0 709 2209 2360 990
1952 1 0 871 2361 815 640
1953 1 0 2361 1984 663 815
1954 1 0 981 255 1984 2361
1955 1 0 769 981 2361 871
1956 1 0 2364 2365 2362 241
1957 1 0 2365 1249 562 2362
1958 1 0 2363 561 1249 2365
1959 1 0 766 2363 2365 2364
1960 1 0 827 2367 2364 241
1961 1 0 2367 2366 766 2364
1962 1 0 1127 565 2366 2367
1963 1 0 566 1127 2367 827
1964 1 0 177 2369 1997 178
1965 1 0 2369 854 224 1997
1966 1 0 2368 751 854 2369
1967 1 0 176 2368 2369 177
1968 1 0 1748 2372 2275 644
1969 1 0 2372 2370 720 2275
1970 1 0 2371 791 2370 2372
1971 1 0 645 2371 2372 1748
1972 1 0 1300 2373 1240 559
1973 1 0 2373 2253 560 1240
1974 1 0 2320 735 2253 2373
1975 1 0 390 2320 2373 1300
1976 1 0 203 2376 2133 204
1977 1 0 2376 2374 676 2133
1978 1 0 2375 752 2374 2376
1979 1 0 202 2375 2376 203
1980 1 0 2379 2380 2377 564
1981 1 0 2380 2378 755 2377
1982 1 0 151 150 2378 2380
1983 1 0 152 151 2380 2379
1984 1 0 1342 2383 1658 447
1985 1 0 2383 2381 582 1658
1986 1 0 2382 773 2381 2383
1987 1 0 581 2382 2383 1342
1988 1 0 2282 2386 2384 502
1989 1 0 2386 2385 510 2384
1990 1 0 963 750 2385 2386
1991 1 0 508 963 2386 2282
1992 1 0 2142 2388 1806 367
1993 1 0 2388 2387 437 1806
1994 1 0 1048 757 2387 2388
1995 1 0 366 1048 2388 2142
1996 1 0 2291 2391 2389 247
1997 1 0 2391 2390 796 2389
1998 1 0 1116 756 2390 2391
1999 1 0 556 1116 2391 2291
2000 1 0 2393 2394 910 511
2001 1 0 2394 2392 763 910
2002 1 0 76 77 2392 2394
2003 1 0 75 76 2394 2393
2004 1 0 2397 2398 1567 787
2005 1 0 2398 2395 655 1567
2006 1 0 2396 797 2395 2398
2007 1 0 433 2396 2398 2397
2008 1 0 870 2400 1015 639
2009 1 0 2400 2399 493 1015
2010 1 0 812 738 2399 2400
2011 1 0 640 812 2400 870
2012 1 0 992 2401 2053 477
2013 1 0 2401 2313 476 2053
2014 1 0 1071 734 2313 2401
2015 1 0 691 1071 2401 992
2016 1 0 2362 2403 2402 241
2017 1 0 2403 2377 755 2402
2018 1 0 1257 564 2377 2403
2019 1 0 562 1257 2403 2362
2020 1 0 2406 2407 1012 659
2021 1 0 2407 2404 243 1012
2022 1 0 2405 71 2404 2407
2023 1 0 765 2405 2407 2406
2024 1 0 2300 2409 1411 586
2025 1 0 2409 2408 363 1411
2026 1 0 2224 730 2408 2409
2027 1 0 728 2224 2409 2300
2028 1 0 889 2410 1495 438
2029 1 0 2410 2335 492 1495
2030 1 0 2399 738 2335 2410
2031 1 0 493 2399 2410 889
2032 1 0 1927 2412 2337 238
2033 1 0 2412 2411 778 2337
2034 1 0 1288 497 2411 2412
2035 1 0 520 1288 2412 1927
2036 1 0 217 2415 2413 218
2037 1 0 2415 1117 264 2413
2038 1 0 2414 756 1117 2415
2039 1 0 216 2414 2415 217
2040 1 0 1504 2418 2416 382
2041 1 0 2418 1018 408 2416
2042 1 0 2417 768 1018 2418
2043 1 0 409 2417 2418 1504
2044 1 0 2419 2420 1281 258
2045 1 0 2420 13 14 1281
2046 1 0 2247 12 13 2420
2047 1 0 736 2247 2420 2419
2048 1 0 964 2423 2421 750
2049 1 0 2423 1370 579 2421
2050 1 0 2422 265 1370 2423
2051 1 0 759 2422 2423 964
2052 1 0 1499 2425 2304 441
2053 1 0 2425 2424 785 2304
2054 1 0 1364 605 2424 2425
2055 1 0 604 1364 2425 1499
2056 1 0 1095 2428 2426 456
2057 1 0 2428 2427 777 2426
2058 1 0 1669 657 2427 2428
2059 1 0 651 1669 2428 1095
2060 1 0 1798 2430 2340 542
2061 1 0 2430 2429 544 2340
2062 1 0 2296 737 2429 2430
2063 1 0 540 2296 2430 1798
2064 1 0 169 2432 1981 170
2065 1 0 2432 2257 227 1981
2066 1 0 2431 772 2257 2432
2067 1 0 168 2431 2432 169
2068 1 0 2434 2435 135 134
2069 1 0 2435 2433 136 135
2070 1 0 2422 759 2433 2435
2071 1 0 265 2422 2435 2434
2072 1 0 1473 2438 2436 429
2073 1 0 2438 1230 443 2436
2074 1 0 2437 775 1230 2438
2075 1 0 444 2437 2438 1473
2076 1 0 65 2440 2439 64
2077 1 0 2440 920 779 2439
2078 1 0 66 67 920 2440
2079 1 0 1 66 2440 65
2080 1 0 1670 2443 2441 657
2081 1 0 2443 921 658 2441
2082 1 0 2442 779 921 2443
2083 1 0 263 2442 2443 1670
2084 1 0 2445 2446 1855 500
2085 1 0 2446 2444 469 1855
2086 1 0 1229 775 2444 2446
2087 1 0 518 1229 2446 2445
2088 1 0 1046 2449 896 648
2089 1 0 2449 2447 404 896
2090 1 0 2448 364 2447 2449
2091 1 0 782 2448 2449 1046
2092 1 0 2451 2452 2379 564
2093 1 0 2452 153 152 2379
2094 1 0 2450 154 153 2452
2095 1 0 795 2450 2452 2451
2096 1 0 1831 2454 2141 351
2097 1 0 2454 1047 366 2141
2098 1 0 2453 782 1047 2454
2099 1 0 350 2453 2454 1831
2100 1 0 2351 2455 2408 730
2101 1 0 2455 1410 363 2408
2102 1 0 2298 336 1410 2455
2103 1 0 739 2298 2455 2351
2104 1 0 2169 2457 1885 399
2105 1 0 2457 2456 426 1885
2106 1 0 2397 787 2456 2457
2107 1 0 433 2397 2457 2169
2108 1 0 161 2460 2309 162
2109 1 0 2460 2458 231 2309
2110 1 0 2459 788 2458 2460
2111 1 0 160 2459 2460 161
2112 1 0 2462 2463 2145 474
2113 1 0 2463 941 504 2145
2114 1 0 2461 790 941 2463
2115 1 0 727 2461 2463 2462
2116 1 0 2465 2466 1780 455
2117 1 0 2466 2464 498 1780
2118 1 0 1010 780 2464 2466
2119 1 0 697 1010 2466 2465
2120 1 0 2468 2469 1150 747
2121 1 0 2469 968 573 1150
2122 1 0 2467 264 968 2469
2123 1 0 799 2467 2469 2468
2124 1 0 1156 2472 2470 746
2125 1 0 2472 2471 800 2470
2126 1 0 1369 265 2471 2472
2127 1 0 577 1369 2472 1156
2128 1 0 1782 2475 2204 459
2129 1 0 2475 2473 708 2204
2130 1 0 2474 797 2473 2475
2131 1 0 499 2474 2475 1782
2132 1 0 1508 2478 1227 612
2133 1 0 2478 2476 443 1227
2134 1 0 2477 770 2476 2478
2135 1 0 613 2477 2478 1508
2136 1 0 879 2480 2479 232
2137 1 0 2480 2216 749 2479
2138 1 0 1291 520 2216 2480
2139 1 0 507 1291 2480 879
2140 1 0 2416 2482 1662 382
2141 1 0 2482 2481 381 1662
2142 1 0 2288 767 2481 2482
2143 1 0 408 2288 2482 2416
2144 1 0 880 2483 1290 507
2145 1 0 2483 1574 449 1290
2146 1 0 2315 413 1574 2483
2147 1 0 741 2315 2483 880
2148 1 0 1282 2486 2484 258
2149 1 0 2486 2461 727 2484
2150 1 0 2485 790 2461 2486
2151 1 0 570 2485 2486 1282
2152 1 0 2487 2488 2178 228
2153 1 0 2488 187 186 2178
2154 1 0 2347 188 187 2488
2155 1 0 743 2347 2488 2487
2156 1 0 2115 2489 2012 486
2157 1 0 2489 2359 487 2012
2158 1 0 999 740 2359 2489
2159 1 0 681 999 2489 2115
2160 1 0 2354 2490 2190 411
2161 1 0 2490 2149 706 2190
2162 1 0 2331 488 2149 2490
2163 1 0 742 2331 2490 2354
2164 1 0 2333 2493 2272 729
2165 1 0 2493 2491 761 2272
2166 1 0 2492 781 2491 2493
2167 1 0 385 2492 2493 2333
2168 1 0 2495 2496 2465 455
2169 1 0 2496 2494 697 2465
2170 1 0 2426 777 2494 2496
2171 1 0 456 2426 2496 2495
2172 1 0 2499 2500 1145 494
2173 1 0 2500 2497 550 1145
2174 1 0 2498 792 2497 2500
2175 1 0 758 2498 2500 2499
2176 1 0 1223 2502 1859 435
2177 1 0 2502 2501 472 1859
2178 1 0 2227 745 2501 2502
2179 1 0 473 2227 2502 1223
2180 1 0 1258 2504 2451 564
2181 1 0 2504 2503 795 2451
2182 1 0 2342 237 2503 2504
2183 1 0 754 2342 2504 1258
2184 1 0 2505 2506 1820 569
2185 1 0 2506 1973 463 1820
2186 1 0 2353 410 1973 2506
2187 1 0 744 2353 2506 2505
2188 1 0 2004 2509 2462 474
2189 1 0 2509 2507 727 2462
2190 1 0 2508 786 2507 2509
2191 1 0 502 2508 2509 2004
2192 1 0 1800 2511 2495 455
2193 1 0 2511 1098 456 2495
2194 1 0 2510 748 1098 2511
2195 1 0 416 2510 2511 1800
2196 1 0 1199 2512 1172 269
2197 1 0 2512 1028 555 1172
2198 1 0 2292 798 1028 2512
2199 1 0 503 2292 2512 1199
2200 1 0 1174 2514 1440 271
2201 1 0 2514 2499 494 1440
2202 1 0 2513 758 2499 2514
2203 1 0 496 2513 2514 1174
2204 1 0 2436 2516 1693 429
2205 1 0 2516 2515 428 1693
2206 1 0 2476 770 2515 2516
2207 1 0 443 2476 2516 2436
2208 1 0 2517 2518 2370 791
2209 1 0 2518 1003 720 2370
2210 1 0 2387 757 1003 2518
2211 1 0 437 2387 2518 2517
2212 1 0 982 2519 1983 255
2213 1 0 2519 175 174 1983
2214 1 0 2368 176 175 2519
2215 1 0 751 2368 2519 982
2216 1 0 195 2520 2217 196
2217 1 0 2520 2479 749 2217
2218 1 0 1922 232 2479 2520
2219 1 0 194 1922 2520 195
2220 1 0 1959 2523 2356 388
2221 1 0 2523 2521 731 2356
2222 1 0 2522 784 2521 2523
2223 1 0 431 2522 2523 1959
2224 1 0 2338 2524 1926 238
2225 1 0 2524 201 200 1926
2226 1 0 2375 202 201 2524
2227 1 0 752 2375 2524 2338
2228 1 0 1324 2526 1360 642
2229 1 0 2526 874 610 1360
2230 1 0 2525 760 874 2526
2231 1 0 233 2525 2526 1324
2232 1 0 2254 2527 1256 563
2233 1 0 2527 2341 754 1256
2234 1 0 1797 542 2341 2527
2235 1 0 543 1797 2527 2254
2236 1 0 3 2529 129 0
2237 1 0 2529 2528 130 129
2238 1 0 1155 746 2528 2529
2239 1 0 4 1155 2529 3
2240 1 0 223 2531 128 2
2241 1 0 2531 1151 127 128
2242 1 0 2530 747 1151 2531
2243 1 0 222 2530 2531 223
2244 1 0 2024 2534 1113 257
2245 1 0 2534 2532 753 1113
2246 1 0 2533 783 2532 2534
2247 1 0 664 2533 2534 2024
2248 1 0 826 2535 149 148
2249 1 0 2535 2378 150 149
2250 1 0 2402 755 2378 2535
2251 1 0 241 2402 2535 826
2252 1 0 2381 2537 834 582
2253 1 0 2537 2487 228 834
2254 1 0 2536 743 2487 2537
2255 1 0 773 2536 2537 2381
2256 1 0 1425 2540 2139 229
2257 1 0 2540 2538 712 2139
2258 1 0 2539 776 2538 2540
2259 1 0 518 2539 2540 1425
2260 1 0 2250 2542 2067 372
2261 1 0 2542 2492 385 2067
2262 1 0 2541 781 2492 2542
2263 1 0 715 2541 2542 2250
2264 1 0 1487 2544 2525 233
2265 1 0 2544 2543 760 2525
2266 1 0 960 801 2543 2544
2267 1 0 594 960 2544 1487
2268 1 0 1775 2547 2545 423
2269 1 0 2547 2546 445 2545
2270 1 0 2515 770 2546 2547
2271 1 0 428 2515 2547 1775
2272 1 0 1219 2549 810 538
2273 1 0 2549 2548 762 810
2274 1 0 1148 516 2548 2549
2275 1 0 536 1148 2549 1219
2276 1 0 2181 2550 965 260
2277 1 0 2550 2433 759 965
2278 1 0 137 136 2433 2550
2279 1 0 138 137 2550 2181
2280 1 0 944 2552 1812 526
2281 1 0 2552 2551 528 1812
2282 1 0 2271 761 2551 2552
2283 1 0 529 2271 2552 944
2284 1 0 1713 2554 78 79
2285 1 0 2554 2392 77 78
2286 1 0 2553 763 2392 2554
2287 1 0 236 2553 2554 1713
2288 1 0 2501 2556 2006 472
2289 1 0 2556 2283 480 2006
2290 1 0 2555 774 2283 2556
2291 1 0 745 2555 2556 2501
2292 1 0 1742 2558 2447 364
2293 1 0 2558 2557 404 2447
2294 1 0 2481 767 2557 2558
2295 1 0 381 2481 2558 1742
2296 1 0 2559 2560 2349 242
2297 1 0 2560 2344 733 2349
2298 1 0 2513 496 2344 2560
2299 1 0 758 2513 2560 2559
2300 1 0 2445 2562 2539 518
2301 1 0 2562 2561 776 2539
2302 1 0 2036 690 2561 2562
2303 1 0 500 2036 2562 2445
2304 1 0 72 2565 2404 71
2305 1 0 2565 2563 243 2404
2306 1 0 2564 793 2563 2565
2307 1 0 73 2564 2565 72
2308 1 0 2553 2567 909 763
2309 1 0 2567 2566 764 909
2310 1 0 1566 655 2566 2567
2311 1 0 236 1566 2567 2553
2312 1 0 2441 2570 2568 657
2313 1 0 2570 2406 659 2568
2314 1 0 2569 765 2406 2570
2315 1 0 658 2569 2570 2441
2316 1 0 1242 2571 1221 434
2317 1 0 2571 2366 565 1221
2318 1 0 2363 766 2366 2571
2319 1 0 561 2363 2571 1242
2320 1 0 922 2572 2569 658
2321 1 0 2572 2405 765 2569
2322 1 0 70 71 2405 2572
2323 1 0 69 70 2572 922
2324 1 0 2198 2574 1331 596
2325 1 0 2574 2573 547 1331
2326 1 0 2532 783 2573 2574
2327 1 0 753 2532 2574 2198
2328 1 0 2546 2575 978 445
2329 1 0 2575 2095 694 978
2330 1 0 2477 613 2095 2575
2331 1 0 770 2477 2575 2546
2332 1 0 2557 2576 895 404
2333 1 0 2576 1777 624 895
2334 1 0 2289 622 1777 2576
2335 1 0 767 2289 2576 2557
2336 1 0 809 2577 2310 231
2337 1 0 2577 1055 726 2310
2338 1 0 2548 516 1055 2577
2339 1 0 762 2548 2577 809
2340 1 0 2507 2579 2484 727
2341 1 0 2579 2419 258 2484
2342 1 0 2578 736 2419 2579
2343 1 0 786 2578 2579 2507
2344 1 0 1017 2580 2545 445
2345 1 0 2580 1745 423 2545
2346 1 0 2417 409 1745 2580
2347 1 0 768 2417 2580 1017
2348 1 0 2582 2583 1343 478
2349 1 0 2583 2382 581 1343
2350 1 0 2581 773 2382 2583
2351 1 0 521 2581 2583 2582
2352 1 0 215 2585 2414 216
2353 1 0 2585 2390 756 2414
2354 1 0 2584 796 2390 2585
2355 1 0 214 2584 2585 215
2356 1 0 1587 2586 2582 478
2357 1 0 2586 2327 521 2582
2358 1 0 2220 771 2327 2586
2359 1 0 519 2220 2586 1587
2360 1 0 1245 2589 2374 752
2361 1 0 2589 2587 676 2374
2362 1 0 2588 792 2587 2589
2363 1 0 495 2588 2589 1245
2364 1 0 1144 2590 1232 442
2365 1 0 2590 2588 495 1232
2366 1 0 2497 792 2588 2590
2367 1 0 550 2497 2590 1144
2368 1 0 930 2591 2238 254
2369 1 0 2591 167 166 2238
2370 1 0 2431 168 167 2591
2371 1 0 772 2431 2591 930
2372 1 0 1521 2594 1821 576
2373 1 0 2594 2592 569 1821
2374 1 0 2593 794 2592 2594
2375 1 0 230 2593 2594 1521
2376 1 0 2595 2596 2393 511
2377 1 0 2596 74 75 2393
2378 1 0 2564 73 74 2596
2379 1 0 793 2564 2596 2595
2380 1 0 1805 2598 2510 416
2381 1 0 2598 2597 748 2510
2382 1 0 2517 791 2597 2598
2383 1 0 437 2517 2598 1805
2384 1 0 1854 2599 2261 468
2385 1 0 2599 2437 444 2261
2386 1 0 2444 775 2437 2599
2387 1 0 469 2444 2599 1854
2388 1 0 2494 2600 1009 697
2389 1 0 2600 2568 659 1009
2390 1 0 2427 657 2568 2600
2391 1 0 777 2427 2600 2494
2392 1 0 2118 2601 1606 450
2393 1 0 2601 2411 497 1606
2394 1 0 2083 778 2411 2601
2395 1 0 530 2083 2601 2118
2396 1 0 2602 2603 855 546
2397 1 0 2603 1996 224 855
2398 1 0 2533 664 1996 2603
2399 1 0 783 2533 2603 2602
2400 1 0 221 2605 2530 222
2401 1 0 2605 2468 747 2530
2402 1 0 2604 799 2468 2605
2403 1 0 220 2604 2605 221
2404 1 0 2528 2607 131 130
2405 1 0 2607 2606 132 131
2406 1 0 2470 800 2606 2607
2407 1 0 746 2470 2607 2528
2408 1 0 63 2608 1707 62
2409 1 0 2608 2442 263 1707
2410 1 0 2439 779 2442 2608
2411 1 0 64 2439 2608 63
2412 1 0 2302 2610 2541 715
2413 1 0 2610 2609 781 2541
2414 1 0 1788 609 2609 2610
2415 1 0 608 1788 2610 2302
2416 1 0 940 2611 1326 601
2417 1 0 2611 1465 244 1326
2418 1 0 2485 570 1465 2611
2419 1 0 790 2485 2611 940
2420 1 0 2521 2613 1500 731
2421 1 0 2613 1327 602 1500
2422 1 0 2612 601 1327 2613
2423 1 0 784 2612 2613 2521
2424 1 0 1779 2615 907 499
2425 1 0 2615 2614 511 907
2426 1 0 2464 780 2614 2615
2427 1 0 498 2464 2615 1779
2428 1 0 958 2616 2561 690
2429 1 0 2616 2538 776 2561
2430 1 0 2222 712 2538 2616
2431 1 0 249 2222 2616 958
2432 1 0 1330 2617 1388 465
2433 1 0 2617 2602 546 1388
2434 1 0 2573 783 2602 2617
2435 1 0 547 2573 2617 1330
2436 1 0 2346 2618 2328 256
2437 1 0 2618 2581 521 2328
2438 1 0 2536 773 2581 2618
2439 1 0 743 2536 2618 2346
2440 1 0 1789 2619 1794 607
2441 1 0 2619 2424 605 1794
2442 1 0 2303 785 2424 2619
2443 1 0 608 2303 2619 1789
2444 1 0 2505 2621 2324 744
2445 1 0 2621 2620 534 2324
2446 1 0 2592 794 2620 2621
2447 1 0 569 2592 2621 2505
2448 1 0 1741 2622 1832 348
2449 1 0 2622 2453 350 1832
2450 1 0 2448 782 2453 2622
2451 1 0 364 2448 2622 1741
2452 1 0 2266 2623 2522 431
2453 1 0 2623 2612 784 2522
2454 1 0 939 601 2612 2623
2455 1 0 732 939 2623 2266
2456 1 0 1884 2624 1075 440
2457 1 0 2624 804 490 1075
2458 1 0 2456 787 804 2624
2459 1 0 426 2456 2624 1884
2460 1 0 2625 2626 831 544
2461 1 0 2626 159 158 831
2462 1 0 2459 160 159 2626
2463 1 0 788 2459 2626 2625
2464 1 0 849 2627 2593 230
2465 1 0 2627 2620 794 2593
2466 1 0 1294 534 2620 2627
2467 1 0 533 1294 2627 849
2468 1 0 2389 2628 2233 247
2469 1 0 2628 213 212 2233
2470 1 0 2584 214 213 2628
2471 1 0 796 2584 2628 2389
2472 1 0 1813 2630 2037 501
2473 1 0 2630 961 690 2037
2474 1 0 2629 801 961 2630
2475 1 0 527 2629 2630 1813
2476 1 0 2458 2631 808 231
2477 1 0 2631 2429 737 808
2478 1 0 2625 544 2429 2631
2479 1 0 788 2625 2631 2458
2480 1 0 155 2632 830 156
2481 1 0 2632 2503 237 830
2482 1 0 2450 795 2503 2632
2483 1 0 154 2450 2632 155
2484 1 0 2467 2633 2413 264
2485 1 0 2633 219 218 2413
2486 1 0 2604 220 219 2633
2487 1 0 799 2604 2633 2467
2488 1 0 2434 2634 2471 265
2489 1 0 2634 2606 800 2471
2490 1 0 133 132 2606 2634
2491 1 0 134 133 2634 2434
2492 1 0 2559 2635 2498 758
2493 1 0 2635 2587 792 2498
2494 1 0 2132 676 2587 2635
2495 1 0 242 2132 2635 2559
2496 1 0 2384 2636 2508 502
2497 1 0 2636 2578 786 2508
2498 1 0 971 736 2578 2636
2499 1 0 510 971 2636 2384
2500 1 0 2158 2637 2167 701
2501 1 0 2637 2396 433 2167
2502 1 0 2473 797 2396 2637
2503 1 0 708 2473 2637 2158
2504 1 0 903 2638 2164 679
2505 1 0 2638 2228 246 2164
2506 1 0 2555 745 2228 2638
2507 1 0 774 2555 2638 903
2508 1 0 2551 2639 876 528
2509 1 0 2639 2609 609 876
2510 1 0 2491 781 2609 2639
2511 1 0 761 2491 2639 2551
2512 1 0 1618 2640 2371 645
2513 1 0 2640 2597 791 2371
2514 1 0 1097 748 2597 2640
2515 1 0 650 1097 2640 1618
2516 1 0 2385 2641 974 510
2517 1 0 2641 1007 789 974
2518 1 0 2421 579 1007 2641
2519 1 0 750 2421 2641 2385
2520 1 0 908 2642 2474 499
2521 1 0 2642 2395 797 2474
2522 1 0 2566 655 2395 2642
2523 1 0 764 2566 2642 908
2524 1 0 877 2643 1814 528
2525 1 0 2643 2629 527 1814
2526 1 0 2543 801 2629 2643
2527 1 0 760 2543 2643 877
2528 1 0 2563 2644 1011 243
2529 1 0 2644 2614 780 1011
2530 1 0 2595 511 2614 2644
2531 1 0 793 2595 2644 2563
