0 0.000000 -0.000000
3 0.000000 -0.078125
4 0.000000 -0.156250
5 0.000000 -0.234375
6 0.000000 -0.312500
7 0.000000 -0.390625
8 0.000000 -0.468750
9 0.000000 -0.546875
10 0.000000 -0.625000
11 0.000000 -0.703125
12 0.000000 -0.781250
13 0.000000 -0.859375
14 0.000000 -0.937500
15 0.000000 -1.015625
16 0.000000 -1.093750
17 0.000000 -1.171875
18 0.000000 -1.250000
19 0.000000 -1.328125
20 0.000000 -1.406250
21 0.000000 -1.484375
22 0.000000 -1.562500
23 0.000000 -1.640625
24 0.000000 -1.718750
25 0.000000 -1.796875
26 0.000000 -1.875000
27 0.000000 -1.953125
28 0.000000 -2.031250
29 0.000000 -2.109375
30 0.000000 -2.187500
31 0.000000 -2.265625
32 0.000000 -2.343750
33 0.000000 -2.421875
34 0.000000 -2.500000
35 0.000000 -2.578125
36 0.000000 -2.656250
37 0.000000 -2.734375
38 0.000000 -2.812500
39 0.000000 -2.890625
40 0.000000 -2.968750
41 0.000000 -3.046875
42 0.000000 -3.125000
43 0.000000 -3.203125
44 0.000000 -3.281250
45 0.000000 -3.359375
46 0.000000 -3.437500
47 0.000000 -3.515625
48 0.000000 -3.593750
49 0.000000 -3.671875
50 0.000000 -3.750000
51 0.000000 -3.828125
52 0.000000 -3.906250
53 0.000000 -3.984375
54 0.000000 -4.062500
55 0.000000 -4.140625
56 0.000000 -4.218750
57 0.000000 -4.296875
58 0.000000 -4.375000
59 0.000000 -4.453125
60 0.000000 -4.531250
61 0.000000 -4.609375
62 0.000000 -4.687500
63 0.000000 -4.765625
64 0.000000 -4.843750
65 0.000000 -4.921875
129 0.000000 0.000000
130 0.000000 0.000000
131 0.000000 0.000000
132 0.000000 0.000000
133 0.000000 0.000000
134 0.000000 0.000000
135 0.000000 0.000000
136 0.000000 0.000000
137 0.000000 0.000000
138 0.000000 0.000000
139 0.000000 0.000000
140 0.000000 0.000000
141 0.000000 0.000000
142 0.000000 0.000000
143 0.000000 0.000000
144 0.000000 0.000000
145 0.000000 0.000000
146 0.000000 0.000000
147 0.000000 0.000000
148 0.000000 0.000000
149 0.000000 0.000000
150 0.000000 0.000000
151 0.000000 0.000000
152 0.000000 0.000000
153 0.000000 0.000000
154 0.000000 0.000000
155 0.000000 0.000000
156 0.000000 0.000000
157 0.000000 0.000000
158 0.000000 0.000000
159 0.000000 0.000000
160 0.000000 0.000000
161 0.000000 0.000000
162 0.000000 0.000000
163 0.000000 0.000000
164 0.000000 0.000000
165 0.000000 0.000000
166 0.000000 0.000000
167 0.000000 0.000000
168 0.000000 0.000000
169 0.000000 0.000000
170 0.000000 0.000000
171 0.000000 0.000000
172 0.000000 0.000000
173 0.000000 0.000000
174 0.000000 0.000000
175 0.000000 0.000000
176 0.000000 0.000000
177 0.000000 0.000000
178 0.000000 0.000000
179 0.000000 0.000000
180 0.000000 0.000000
181 0.000000 0.000000
182 0.000000 0.000000
183 0.000000 0.000000
184 0.000000 0.000000
185 0.000000 0.000000
186 0.000000 0.000000
187 0.000000 0.000000
188 0.000000 0.000000
189 0.000000 0.000000
190 0.000000 0.000000
191 0.000000 0.000000
192 0.000000 0.000000
193 0.000000 0.000000
194 0.000000 0.000000
195 0.000000 0.000000
196 0.000000 0.000000
197 0.000000 0.000000
198 0.000000 0.000000
199 0.000000 0.000000
200 0.000000 0.000000
201 0.000000 0.000000
202 0.000000 0.000000
203 0.000000 0.000000
204 0.000000 0.000000
205 0.000000 0.000000
206 0.000000 0.000000
207 0.000000 0.000000
208 0.000000 0.000000
209 0.000000 0.000000
210 0.000000 0.000000
211 0.000000 0.000000
212 0.000000 0.000000
213 0.000000 0.000000
214 0.000000 0.000000
215 0.000000 0.000000
216 0.000000 0.000000
217 0.000000 0.000000
218 0.000000 0.000000
219 0.000000 0.000000
220 0.000000 0.000000
221 0.000000 0.000000
222 0.000000 0.000000
223 0.000000 0.000000
