0 0.0000 0.0000 0 0
1 2.0000 0.0000 -1 -1
2 2.0000 2.0000 -1 -1
3 0.0312 0.0000 0 0
4 0.0625 0.0000 0 0
5 0.0937 0.0000 0 0
6 0.1250 0.0000 0 0
7 0.1562 0.0000 0 0
8 0.1875 0.0000 0 0
9 0.2187 0.0000 0 0
10 0.2500 0.0000 0 0
11 0.2812 0.0000 0 0
12 0.3125 0.0000 0 0
13 0.3437 0.0000 0 0
14 0.3750 0.0000 0 0
15 0.4062 0.0000 0 0
16 0.4375 0.0000 0 0
17 0.4687 0.0000 0 0
18 0.5000 0.0000 0 0
19 0.5312 0.0000 0 0
20 0.5625 0.0000 0 0
21 0.5937 0.0000 0 0
22 0.6250 0.0000 0 0
23 0.6562 0.0000 0 0
24 0.6875 0.0000 0 0
25 0.7187 0.0000 0 0
26 0.7500 0.0000 0 0
27 0.7812 0.0000 0 0
28 0.8125 0.0000 0 0
29 0.8437 0.0000 0 0
30 0.8750 0.0000 0 0
31 0.9062 0.0000 0 0
32 0.9375 0.0000 0 0
33 0.9687 0.0000 0 0
34 1.0000 0.0000 0 0
35 1.0312 0.0000 0 0
36 1.0625 0.0000 0 0
37 1.0937 0.0000 0 0
38 1.1250 0.0000 0 0
39 1.1562 0.0000 0 0
40 1.1875 0.0000 0 0
41 1.2187 0.0000 0 0
42 1.2500 0.0000 0 0
43 1.2812 0.0000 0 0
44 1.3125 0.0000 0 0
45 1.3437 0.0000 0 0
46 1.3750 0.0000 0 0
47 1.4062 0.0000 0 0
48 1.4375 0.0000 0 0
49 1.4687 0.0000 0 0
50 1.5000 0.0000 0 0
51 1.5312 0.0000 0 0
52 1.5625 0.0000 0 0
53 1.5937 0.0000 0 0
54 1.6250 0.0000 0 0
55 1.6562 0.0000 0 0
56 1.6875 0.0000 0 0
57 1.7187 0.0000 0 0
58 1.7500 0.0000 0 0
59 1.7812 0.0000 0 0
60 1.8125 0.0000 0 0
61 1.8437 0.0000 0 0
62 1.8750 0.0000 0 0
63 1.9062 0.0000 0 0
64 1.9375 0.0000 0 0
65 1.9687 0.0000 0 0
66 2.0000 0.0312 -1 -1
67 2.0000 0.0625 -1 -1
68 2.0000 0.0937 -1 -1
69 2.0000 0.1250 -1 -1
70 2.0000 0.1562 -1 -1
71 2.0000 0.1875 -1 -1
72 2.0000 0.2187 -1 -1
73 2.0000 0.2500 -1 -1
74 2.0000 0.2812 -1 -1
75 2.0000 0.3125 -1 -1
76 2.0000 0.3437 -1 -1
77 2.0000 0.3750 -1 -1
78 2.0000 0.4062 -1 -1
79 2.0000 0.4375 -1 -1
80 2.0000 0.4687 -1 -1
81 2.0000 0.5000 -1 -1
82 2.0000 0.5312 -1 -1
83 2.0000 0.5625 -1 -1
84 2.0000 0.5937 -1 -1
85 2.0000 0.6250 -1 -1
86 2.0000 0.6562 -1 -1
87 2.0000 0.6875 -1 -1
88 2.0000 0.7187 -1 -1
89 2.0000 0.7500 -1 -1
90 2.0000 0.7812 -1 -1
91 2.0000 0.8125 -1 -1
92 2.0000 0.8437 -1 -1
93 2.0000 0.8750 -1 -1
94 2.0000 0.9062 -1 -1
95 2.0000 0.9375 -1 -1
96 2.0000 0.9687 -1 -1
97 2.0000 1.0000 -1 -1
98 2.0000 1.0312 -1 -1
99 2.0000 1.0625 -1 -1
100 2.0000 1.0937 -1 -1
101 2.0000 1.1250 -1 -1
102 2.0000 1.1562 -1 -1
103 2.0000 1.1875 -1 -1
104 2.0000 1.2187 -1 -1
105 2.0000 1.2500 -1 -1
106 2.0000 1.2812 -1 -1
107 2.0000 1.3125 -1 -1
108 2.0000 1.3437 -1 -1
109 2.0000 1.3750 -1 -1
110 2.0000 1.4062 -1 -1
111 2.0000 1.4375 -1 -1
112 2.0000 1.4687 -1 -1
113 2.0000 1.5000 -1 -1
114 2.0000 1.5312 -1 -1
115 2.0000 1.5625 -1 -1
116 2.0000 1.5937 -1 -1
117 2.0000 1.6250 -1 -1
118 2.0000 1.6562 -1 -1
119 2.0000 1.6875 -1 -1
120 2.0000 1.7187 -1 -1
121 2.0000 1.7500 -1 -1
122 2.0000 1.7812 -1 -1
123 2.0000 1.8125 -1 -1
124 2.0000 1.8437 -1 -1
125 2.0000 1.8750 -1 -1
126 2.0000 1.9062 -1 -1
127 2.0000 1.9375 -1 -1
128 2.0000 1.9687 -1 -1
129 0.0208 0.0208 0 0
130 0.0417 0.0417 0 0
131 0.0625 0.0625 0 0
132 0.0833 0.0833 0 0
133 0.1042 0.1042 0 0
134 0.1250 0.1250 0 0
135 0.1458 0.1458 0 0
136 0.1667 0.1667 0 0
137 0.1875 0.1875 0 0
138 0.2083 0.2083 0 0
139 0.2292 0.2292 0 0
140 0.2500 0.2500 0 0
141 0.2708 0.2708 0 0
142 0.2917 0.2917 0 0
143 0.3125 0.3125 0 0
144 0.3333 0.3333 0 0
145 0.3542 0.3542 0 0
146 0.3750 0.3750 0 0
147 0.3958 0.3958 0 0
148 0.4167 0.4167 0 0
149 0.4375 0.4375 0 0
150 0.4583 0.4583 0 0
151 0.4792 0.4792 0 0
152 0.5000 0.5000 0 0
153 0.5208 0.5208 0 0
154 0.5417 0.5417 0 0
155 0.5625 0.5625 0 0
156 0.5833 0.5833 0 0
157 0.6042 0.6042 0 0
158 0.6250 0.6250 0 0
159 0.6458 0.6458 0 0
160 0.6667 0.6667 0 0
161 0.6875 0.6875 0 0
162 0.7083 0.7083 0 0
163 0.7292 0.7292 0 0
164 0.7500 0.7500 0 0
165 0.7708 0.7708 0 0
166 0.7917 0.7917 0 0
167 0.8125 0.8125 0 0
168 0.8333 0.8333 0 0
169 0.8542 0.8542 0 0
170 0.8750 0.8750 0 0
171 0.8958 0.8958 0 0
172 0.9167 0.9167 0 0
173 0.9375 0.9375 0 0
174 0.9583 0.9583 0 0
175 0.9792 0.9792 0 0
176 1.0000 1.0000 0 0
177 1.0208 1.0208 0 0
178 1.0417 1.0417 0 0
179 1.0625 1.0625 0 0
180 1.0833 1.0833 0 0
181 1.1042 1.1042 0 0
182 1.1250 1.1250 0 0
183 1.1458 1.1458 0 0
184 1.1667 1.1667 0 0
185 1.1875 1.1875 0 0
186 1.2083 1.2083 0 0
187 1.2292 1.2292 0 0
188 1.2500 1.2500 0 0
189 1.2708 1.2708 0 0
190 1.2917 1.2917 0 0
191 1.3125 1.3125 0 0
192 1.3333 1.3333 0 0
193 1.3542 1.3542 0 0
194 1.3750 1.3750 0 0
195 1.3958 1.3958 0 0
196 1.4167 1.4167 0 0
197 1.4375 1.4375 0 0
198 1.4583 1.4583 0 0
199 1.4792 1.4792 0 0
200 1.5000 1.5000 0 0
201 1.5208 1.5208 0 0
202 1.5417 1.5417 0 0
203 1.5625 1.5625 0 0
204 1.5833 1.5833 0 0
205 1.6042 1.6042 0 0
206 1.6250 1.6250 0 0
207 1.6458 1.6458 0 0
208 1.6667 1.6667 0 0
209 1.6875 1.6875 0 0
210 1.7083 1.7083 0 0
211 1.7292 1.7292 0 0
212 1.7500 1.7500 0 0
213 1.7708 1.7708 0 0
214 1.7917 1.7917 0 0
215 1.8125 1.8125 0 0
216 1.8333 1.8333 0 0
217 1.8542 1.8542 0 0
218 1.8750 1.8750 0 0
219 1.8958 1.8958 0 0
220 1.9167 1.9167 0 0
221 1.9375 1.9375 0 0
222 1.9583 1.9583 0 0
223 1.9792 1.9792 0 0
224 1.0721 1.0039 0 0
225 1.3852 0.0620 0 0
226 1.9429 0.6164 0 0
227 0.9069 0.8306 0 0
228 1.2332 1.1622 0 0
229 1.1301 0.0621 0 0
230 1.9503 0.8774 0 0
231 0.7304 0.6493 0 0
232 1.4161 1.3247 0 0
233 0.8821 0.0591 0 0
234 1.9484 1.1092 0 0
235 1.6308 0.0589 0 0
236 1.9458 0.4282 0 0
237 0.5969 0.5373 0 0
238 1.5328 1.4533 0 0
239 0.7007 0.0533 0 0
240 1.9457 1.2940 0 0
241 0.4719 0.3960 0 0
242 1.6569 1.5947 0 0
243 1.9444 0.2226 0 0
244 0.5164 0.0570 0 0
245 1.9434 1.4779 0 0
246 0.3332 0.2647 0 0
247 1.7876 1.7252 0 0
248 1.9521 0.9885 0 0
249 1.0094 0.0613 0 0
250 1.9406 0.7402 0 0
251 1.2585 0.0641 0 0
252 1.5085 0.0594 0 0
253 1.7531 0.0601 0 0
254 0.8230 0.7475 0 0
255 0.9918 0.9188 0 0
256 1.3177 1.2385 0 0
257 1.1509 1.0840 0 0
258 0.3899 0.0530 0 0
259 1.9419 1.6016 0 0
260 0.2507 0.1837 0 0
261 1.9445 1.7274 0 0
262 0.2563 0.0438 0 0
263 1.8778 0.0630 0 0
264 1.8979 1.8342 0 0
265 0.1615 0.0920 0 0
266 1.9424 1.6646 0 0
267 1.8830 1.6421 0 0
268 1.8826 1.5775 0 0
269 1.8115 1.6196 0 0
270 1.8220 1.5504 0 0
271 1.7503 1.5677 0 0
272 1.7650 1.5203 0 0
273 1.8274 1.4916 0 0
274 1.7719 1.4675 0 0
275 1.8310 1.4339 0 0
276 1.7760 1.4128 0 0
277 1.7185 1.4462 0 0
278 1.7224 1.3935 0 0
279 1.7790 1.3571 0 0
280 1.7255 1.3400 0 0
281 1.7811 1.3002 0 0
282 1.7273 1.2847 0 0
283 1.6739 1.3257 0 0
284 1.6745 1.2722 0 0
285 1.7284 1.2275 0 0
286 1.6745 1.2156 0 0
287 1.6227 1.2635 0 0
288 1.6208 1.2071 0 0
289 1.6743 1.1566 0 0
290 1.6191 1.1477 0 0
291 1.6745 1.0954 0 0
292 1.6177 1.0859 0 0
293 1.5607 1.0794 0 0
294 1.5580 1.0145 0 0
295 1.6168 1.0218 0 0
296 1.5557 0.9482 0 0
297 1.6160 0.9553 0 0
298 1.5510 0.8809 0 0
299 1.4947 0.8803 0 0
300 1.4834 0.8231 0 0
301 1.5387 0.8120 0 0
302 1.5191 0.7445 0 0
303 1.5722 0.7298 0 0
304 1.5045 0.6824 0 0
305 1.4509 0.6815 0 0
306 1.4505 0.6286 0 0
307 1.4937 0.6283 0 0
308 1.4507 0.5946 0 0
309 1.4067 0.6153 0 0
310 1.4231 0.5729 0 0
311 1.3576 0.5937 0 0
312 1.4783 0.5826 0 0
313 1.3750 0.5332 0 0
314 1.3051 0.5734 0 0
315 1.3149 0.5192 0 0
316 1.2529 0.5559 0 0
317 1.2617 0.5008 0 0
318 1.2001 0.5418 0 0
319 1.3606 0.4849 0 0
320 1.2939 0.6264 0 0
321 1.2049 0.4834 0 0
322 1.1469 0.4720 0 0
323 1.1460 0.4142 0 0
324 1.0902 0.4613 0 0
325 1.1453 0.5313 0 0
326 1.0940 0.4049 0 0
327 1.0326 0.4480 0 0
328 1.2109 0.4117 0 0
329 1.0386 0.3891 0 0
330 0.9792 0.3723 0 0
331 0.9738 0.4323 0 0
332 0.9165 0.4159 0 0
333 0.9204 0.3593 0 0
334 0.8629 0.4008 0 0
335 0.8652 0.3475 0 0
336 0.8126 0.3909 0 0
337 0.9085 0.4720 0 0
338 0.8098 0.3360 0 0
339 0.7495 0.3255 0 0
340 1.5412 0.6199 0 0
341 1.5205 0.5640 0 0
342 1.5957 0.6139 0 0
343 1.5815 0.5345 0 0
344 1.5243 0.4812 0 0
345 1.6085 0.4605 0 0
346 1.5469 0.4305 0 0
347 1.6299 0.3987 0 0
348 1.5644 0.3595 0 0
349 1.6594 0.5539 0 0
350 1.6053 0.3279 0 0
351 1.6472 0.3426 0 0
352 1.6552 0.6199 0 0
353 1.5674 1.2022 0 0
354 1.6768 0.9665 0 0
355 1.4486 0.8349 0 0
356 1.4459 0.8746 0 0
357 1.3998 0.8578 0 0
358 1.3871 0.9119 0 0
359 1.3362 0.8884 0 0
360 0.9196 0.3037 0 0
361 1.1030 0.3545 0 0
362 1.6801 0.8978 0 0
363 0.8183 0.4321 0 0
364 1.5448 0.2905 0 0
365 1.4909 0.3527 0 0
366 1.6505 0.2880 0 0
367 1.7067 0.2914 0 0
368 1.3217 0.9439 0 0
369 1.2705 0.9193 0 0
370 1.2853 0.8638 0 0
371 1.5716 1.2596 0 0
372 0.7504 0.2631 0 0
373 0.6734 0.3151 0 0
374 1.5140 1.2012 0 0
375 1.7209 0.5714 0 0
376 1.7144 0.6334 0 0
377 1.7307 1.1076 0 0
378 1.2188 0.8945 0 0
379 1.2337 0.8386 0 0
380 1.7424 0.9157 0 0
381 1.4868 0.2919 0 0
382 1.4314 0.2884 0 0
383 0.6832 0.2430 0 0
384 0.6051 0.2746 0 0
385 0.8117 0.2798 0 0
386 1.1662 0.8684 0 0
387 1.1816 0.8132 0 0
388 0.6184 0.2215 0 0
389 0.5457 0.2450 0 0
390 0.6337 0.3429 0 0
391 0.9669 0.4934 0 0
392 0.9552 0.5662 0 0
393 1.3724 0.9686 0 0
394 1.3006 0.8091 0 0
395 1.7316 0.5116 0 0
396 1.7519 0.8486 0 0
397 1.3576 1.0211 0 0
398 1.7851 0.5310 0 0
399 1.7984 0.4816 0 0
400 1.7605 0.2938 0 0
401 1.1174 0.8410 0 0
402 1.1295 0.7898 0 0
403 1.6598 1.4280 0 0
404 1.5350 0.2333 0 0
405 0.9168 0.5954 0 0
406 0.9739 0.6378 0 0
407 0.8795 0.5767 0 0
408 1.4256 0.2377 0 0
409 1.3813 0.2793 0 0
410 1.8132 0.8731 0 0
411 1.8008 0.9359 0 0
412 1.7624 0.7796 0 0
413 1.5203 1.2601 0 0
414 1.4604 1.2039 0 0
415 1.3932 1.0370 0 0
416 1.7615 0.2371 0 0
417 1.3517 1.0746 0 0
418 1.1969 0.7572 0 0
419 1.1416 0.7315 0 0
420 1.0708 0.7733 0 0
421 1.3746 0.3296 0 0
422 1.3242 0.3143 0 0
423 1.3307 0.2641 0 0
424 1.2761 0.3059 0 0
425 1.4903 0.4548 0 0
426 1.8336 0.5021 0 0
427 1.2560 0.9753 0 0
428 1.2747 0.2528 0 0
429 1.2180 0.2470 0 0
430 0.9223 0.6389 0 0
431 0.5636 0.1992 0 0
432 0.4928 0.2132 0 0
433 1.8209 0.4350 0 0
434 0.5186 0.3007 0 0
435 0.4603 0.2476 0 0
436 0.4571 0.1887 0 0
437 1.7037 0.2341 0 0
438 0.9834 0.6972 0 0
439 1.0328 0.6986 0 0
440 1.8340 0.5433 0 0
441 0.6897 0.1728 0 0
442 1.6717 1.4830 0 0
443 1.2123 0.1905 0 0
444 1.1671 0.2432 0 0
445 1.3478 0.2029 0 0
446 1.3148 0.3585 0 0
447 1.2948 1.0693 0 0
448 1.5773 1.3138 0 0
449 1.5287 1.3177 0 0
450 1.5857 1.3628 0 0
451 1.5086 1.1398 0 0
452 1.4165 0.8097 0 0
453 1.6525 0.6804 0 0
454 1.0491 0.3326 0 0
455 1.8291 0.2418 0 0
456 1.8160 0.1780 0 0
457 1.3623 0.3808 0 0
458 1.6111 0.7977 0 0
459 1.8131 0.3058 0 0
460 1.2152 0.7028 0 0
461 1.1588 0.6615 0 0
462 1.2655 0.7300 0 0
463 1.8370 0.8008 0 0
464 1.8292 0.7228 0 0
465 1.1464 0.9317 0 0
466 1.0958 0.8848 0 0
467 1.1700 0.2822 0 0
468 1.1208 0.2401 0 0
469 1.1221 0.2037 0 0
470 1.0698 0.2268 0 0
471 1.6159 1.4426 0 0
472 0.4114 0.1985 0 0
473 0.4184 0.2784 0 0
474 0.4063 0.1460 0 0
475 1.3978 1.0798 0 0
476 1.8354 1.3175 0 0
477 1.8370 1.2583 0 0
478 1.3503 1.1292 0 0
479 1.1987 0.6360 0 0
480 0.3606 0.1788 0 0
481 1.0271 0.5751 0 0
482 1.4298 1.0051 0 0
483 1.7327 1.0452 0 0
484 1.7889 1.0603 0 0
485 1.7860 1.1219 0 0
486 1.8433 1.0766 0 0
487 1.8405 1.1376 0 0
488 1.8477 1.0159 0 0
489 1.7483 0.4553 0 0
490 1.8853 0.5478 0 0
491 1.6995 0.7591 0 0
492 0.9294 0.6996 0 0
493 0.9988 0.7525 0 0
494 1.7061 1.5348 0 0
495 1.6323 1.4866 0 0
496 1.7256 1.6048 0 0
497 1.5429 1.3733 0 0
498 1.8720 0.2730 0 0
499 1.8750 0.3275 0 0
500 1.0879 0.1784 0 0
501 1.0010 0.2097 0 0
502 0.3431 0.1358 0 0
503 1.8344 1.6911 0 0
504 0.4597 0.1552 0 0
505 1.8851 0.7773 0 0
506 0.8638 0.6994 0 0
507 1.4769 1.3232 0 0
508 0.2930 0.1600 0 0
509 1.8996 1.0328 0 0
510 0.2908 0.0968 0 0
511 1.9402 0.3019 0 0
512 1.8853 0.7296 0 0
513 1.8299 0.6594 0 0
514 1.8862 0.6690 0 0
515 0.8884 0.7564 0 0
516 0.8051 0.6583 0 0
517 1.1465 0.5909 0 0
518 1.1292 0.1329 0 0
519 1.3999 1.1387 0 0
520 1.4883 1.3971 0 0
521 1.3397 1.1838 0 0
522 1.0889 0.6491 0 0
523 1.3633 1.2783 0 0
524 1.4275 1.2673 0 0
525 1.0181 0.2649 0 0
526 0.9468 0.2424 0 0
527 0.9511 0.1707 0 0
528 0.8987 0.1886 0 0
529 0.9143 0.2633 0 0
530 1.5986 1.4039 0 0
531 1.6262 1.3960 0 0
532 1.9042 0.9745 0 0
533 1.9536 0.9315 0 0
534 1.9105 0.9213 0 0
535 0.8710 0.6289 0 0
536 0.8192 0.6078 0 0
537 0.8286 0.5534 0 0
538 0.7699 0.5891 0 0
539 0.7727 0.5313 0 0
540 0.7135 0.5157 0 0
541 0.7090 0.4511 0 0
542 0.6542 0.5018 0 0
543 0.6500 0.4412 0 0
544 0.6540 0.5737 0 0
545 0.8947 0.5268 0 0
546 1.1036 0.9677 0 0
547 1.1602 0.9829 0 0
548 1.0648 0.9240 0 0
549 1.0584 0.8465 0 0
550 1.6772 1.5150 0 0
551 1.9425 1.5394 0 0
552 1.3423 0.4268 0 0
553 1.2965 0.3995 0 0
554 1.5854 1.4483 0 0
555 1.7675 1.6492 0 0
556 1.8418 1.7439 0 0
557 1.8884 1.7062 0 0
558 1.8937 1.7668 0 0
559 0.5906 0.3245 0 0
560 0.5893 0.3753 0 0
561 0.5330 0.3641 0 0
562 0.5378 0.4135 0 0
563 0.5939 0.4285 0 0
564 0.5440 0.4657 0 0
565 0.4609 0.3237 0 0
566 0.4191 0.3490 0 0
567 0.3760 0.3064 0 0
568 1.4539 1.1403 0 0
569 1.8885 0.8533 0 0
570 0.4516 0.0546 0 0
571 1.7151 1.4953 0 0
572 1.9474 1.7898 0 0
573 1.9523 1.8514 0 0
574 1.4986 1.0092 0 0
575 1.5033 1.0761 0 0
576 1.9316 0.8110 0 0
577 0.1451 0.0419 0 0
578 0.2019 0.0417 0 0
579 0.2214 0.0816 0 0
580 1.6712 1.3760 0 0
581 1.3152 1.1202 0 0
582 1.2589 1.1170 0 0
583 1.2389 1.0297 0 0
584 1.2165 1.0784 0 0
585 1.9500 1.0482 0 0
586 0.8562 0.4502 0 0
587 1.0881 0.5215 0 0
588 1.0882 0.5843 0 0
589 1.4972 0.9424 0 0
590 1.3449 0.6472 0 0
591 1.3970 0.6675 0 0
592 1.3317 0.7012 0 0
593 1.3851 0.7252 0 0
594 0.9455 0.0612 0 0
595 1.2056 0.9505 0 0
596 1.1935 1.0008 0 0
597 1.9443 1.4167 0 0
598 1.9450 1.3554 0 0
599 1.8887 1.3961 0 0
600 0.5805 0.0563 0 0
601 0.5347 0.1233 0 0
602 0.6010 0.1131 0 0
603 0.6416 0.0545 0 0
604 0.6602 0.1089 0 0
605 0.7139 0.1044 0 0
606 0.7596 0.0541 0 0
607 0.7670 0.1065 0 0
608 0.7675 0.1554 0 0
609 0.8256 0.1699 0 0
610 0.8256 0.1130 0 0
611 1.1943 0.0640 0 0
612 1.2025 0.1287 0 0
613 1.2673 0.1287 0 0
614 1.2166 0.3098 0 0
615 1.1718 0.3501 0 0
616 1.2813 0.3428 0 0
617 1.5638 1.1421 0 0
618 1.3223 0.0635 0 0
619 1.3967 0.1242 0 0
620 1.4575 0.1205 0 0
621 1.4113 0.1845 0 0
622 1.4684 0.1789 0 0
623 1.5172 0.1184 0 0
624 1.5261 0.1763 0 0
625 1.9464 1.2324 0 0
626 1.9472 1.1707 0 0
627 1.8926 1.2150 0 0
628 1.6249 1.3164 0 0
629 1.4511 0.7564 0 0
630 1.4304 0.3440 0 0
631 1.4249 0.4133 0 0
632 1.4903 0.4133 0 0
633 1.4583 0.4719 0 0
634 1.4895 0.5152 0 0
635 1.9426 0.6782 0 0
636 1.3078 1.0006 0 0
637 1.0845 0.7113 0 0
638 1.0329 0.7397 0 0
639 1.0266 0.8026 0 0
640 0.9871 0.8346 0 0
641 1.6024 0.6721 0 0
642 0.8200 0.0565 0 0
643 1.5697 0.0589 0 0
644 1.6364 0.1174 0 0
645 1.6962 0.1180 0 0
646 1.5768 0.1174 0 0
647 1.5839 0.1752 0 0
648 1.5910 0.2319 0 0
649 1.6919 0.0592 0 0
650 1.7559 0.1194 0 0
651 1.8153 0.1222 0 0
652 1.0829 0.8223 0 0
653 1.9422 0.5539 0 0
654 1.9423 0.4900 0 0
655 1.8942 0.4124 0 0
656 1.8148 0.0617 0 0
657 1.8818 0.1341 0 0
658 1.9447 0.1218 0 0
659 1.9170 0.1834 0 0
660 1.4472 0.0605 0 0
661 1.7600 0.3352 0 0
662 1.0284 0.5097 0 0
663 0.9505 0.8746 0 0
664 1.1112 1.0448 0 0
665 1.7685 0.7116 0 0
666 1.6722 0.4884 0 0
667 1.0302 0.6401 0 0
668 1.5548 0.6756 0 0
669 1.4405 0.9316 0 0
670 1.7776 0.5871 0 0
671 1.6146 0.8848 0 0
672 1.7827 1.2420 0 0
673 1.4473 1.0773 0 0
674 1.3512 0.8342 0 0
675 1.2493 0.7836 0 0
676 1.6198 1.5518 0 0
677 1.6752 1.0321 0 0
678 1.7294 1.1684 0 0
679 0.2915 0.2242 0 0
680 1.2809 0.6781 0 0
681 1.8964 1.0930 0 0
682 1.4524 0.5422 0 0
683 1.3679 0.7810 0 0
684 1.8848 1.5159 0 0
685 1.4196 0.4999 0 0
686 1.6909 0.4269 0 0
687 1.6876 0.8267 0 0
688 1.6265 1.3635 0 0
689 1.2448 0.6080 0 0
690 1.0270 0.1336 0 0
691 1.8914 1.2758 0 0
692 1.6058 0.7131 0 0
693 1.7363 0.9812 0 0
694 1.3330 0.1282 0 0
695 1.8870 1.4558 0 0
696 1.7159 0.3593 0 0
697 1.8779 0.2102 0 0
698 1.1976 0.5957 0 0
699 1.7842 1.1825 0 0
700 1.3846 0.4584 0 0
701 1.7717 0.4031 0 0
702 1.3249 0.4700 0 0
703 1.8335 1.3760 0 0
704 1.3165 0.7552 0 0
705 1.6426 0.7350 0 0
706 1.7934 0.9982 0 0
707 1.2755 0.4465 0 0
708 1.7962 0.3563 0 0
709 1.8386 1.1982 0 0
710 1.1918 1.1229 0 0
711 1.2543 0.3655 0 0
712 1.0696 0.0594 0 0
713 1.7086 0.6958 0 0
714 1.1409 0.3727 0 0
715 0.7585 0.2055 0 0
716 1.7384 1.6784 0 0
717 1.7726 0.6477 0 0
718 1.1263 0.3001 0 0
719 1.8868 0.6082 0 0
720 1.6419 0.1753 0 0
721 1.8321 0.5993 0 0
722 0.6978 0.3871 0 0
723 1.0619 0.2797 0 0
724 0.9837 0.3023 0 0
725 1.2334 0.6553 0 0
726 0.7789 0.7033 0 0
727 0.4022 0.1011 0 0
728 0.8418 0.4993 0 0
729 0.8674 0.2943 0 0
730 0.7806 0.4600 0 0
731 0.6183 0.1678 0 0
732 0.5122 0.1738 0 0
733 1.6968 1.6361 0 0
734 1.8901 1.3361 0 0
735 0.6425 0.3848 0 0
736 0.3231 0.0593 0 0
737 0.7177 0.5788 0 0
738 0.9410 0.7743 0 0
739 0.7583 0.3885 0 0
740 1.8942 1.1540 0 0
741 1.4690 1.2635 0 0
742 1.8546 0.9565 0 0
743 1.2746 1.2009 0 0
744 1.8663 0.9006 0 0
745 0.3731 0.2363 0 0
746 0.0913 0.0408 0 0
747 1.9581 1.9072 0 0
748 1.7589 0.1779 0 0
749 1.4388 1.3815 0 0
750 0.2538 0.1203 0 0
751 1.0322 0.9617 0 0
752 1.5823 1.4953 0 0
753 1.1750 1.0433 0 0
754 0.5985 0.4839 0 0
755 0.4905 0.4405 0 0
756 1.8413 1.7861 0 0
757 1.6469 0.2323 0 0
758 1.6857 1.5657 0 0
759 0.2097 0.1418 0 0
760 0.8885 0.1188 0 0
761 0.8750 0.2449 0 0
762 0.7700 0.6314 0 0
763 1.9468 0.3707 0 0
764 1.9070 0.3714 0 0
765 1.9499 0.1632 0 0
766 0.4897 0.3592 0 0
767 1.4788 0.2352 0 0
768 1.3871 0.2420 0 0
769 1.0257 0.8809 0 0
770 1.2737 0.1930 0 0
771 1.3986 1.2154 0 0
772 0.8641 0.7903 0 0
773 1.2976 1.1540 0 0
774 0.3310 0.1988 0 0
775 1.1577 0.1946 0 0
776 1.0753 0.1056 0 0
777 1.8570 0.1766 0 0
778 1.5641 1.4193 0 0
779 1.9399 0.0624 0 0
780 1.9053 0.2514 0 0
781 0.8183 0.2251 0 0
782 1.5981 0.2863 0 0
783 1.1384 1.0085 0 0
784 0.5758 0.1642 0 0
785 0.7257 0.1426 0 0
786 0.3591 0.0985 0 0
787 1.8746 0.4777 0 0
788 0.6799 0.6309 0 0
789 0.2570 0.0740 0 0
790 0.4603 0.1079 0 0
791 1.7002 0.1763 0 0
792 1.6540 1.5286 0 0
793 1.9634 0.2556 0 0
794 1.9165 0.8835 0 0
795 0.5621 0.5159 0 0
796 1.8070 1.7684 0 0
797 1.8451 0.3846 0 0
798 1.7967 1.6860 0 0
799 1.9257 1.8881 0 0
800 0.1102 0.0724 0 0
801 0.9510 0.1230 0 0
802 1.9419 0.5221 0 0
803 1.9118 0.4844 0 0
804 1.8823 0.5165 0 0
805 1.9134 0.5504 0 0
806 1.9119 0.5180 0 0
807 0.7446 0.5833 0 0
808 0.7224 0.6105 0 0
809 0.7561 0.6377 0 0
810 0.7696 0.6141 0 0
811 0.7478 0.6117 0 0
812 0.9667 0.8082 0 0
813 0.9229 0.8064 0 0
814 0.9290 0.8523 0 0
815 0.9683 0.8540 0 0
816 0.9466 0.8297 0 0
817 1.8857 0.6995 0 0
818 1.9124 0.7344 0 0
819 1.9419 0.7091 0 0
820 1.9142 0.6736 0 0
821 1.9136 0.7042 0 0
822 1.9429 0.6473 0 0
823 1.9146 0.6122 0 0
824 1.8866 0.6385 0 0
825 1.9146 0.6429 0 0
826 0.4413 0.4066 0 0
827 0.4421 0.3706 0 0
828 0.3974 0.3622 0 0
829 0.4197 0.3839 0 0
830 0.5912 0.5610 0 0
831 0.6363 0.6008 0 0
832 0.6219 0.5530 0 0
833 0.6139 0.5798 0 0
834 1.2458 1.1395 0 0
835 1.2380 1.0973 0 0
836 1.2042 1.1009 0 0
837 1.2125 1.1426 0 0
838 1.2251 1.1201 0 0
839 1.8851 0.7575 0 0
840 1.9018 0.7894 0 0
841 1.9379 0.7722 0 0
842 1.9098 0.7637 0 0
843 1.8913 1.7368 0 0
844 1.8606 1.6974 0 0
845 1.8391 1.7182 0 0
846 1.8672 1.7549 0 0
847 1.8645 1.7269 0 0
848 1.9744 0.8756 0 0
849 1.9531 0.9044 0 0
850 1.9765 0.9347 0 0
851 1.9760 0.9053 0 0
852 1.0846 0.9457 0 0
853 1.0485 0.9428 0 0
854 1.0522 0.9829 0 0
855 1.0875 0.9855 0 0
856 1.0682 0.9643 0 0
857 1.8865 0.5781 0 0
858 1.9427 0.5853 0 0
859 1.9143 0.5815 0 0
860 1.4648 1.2343 0 0
861 1.4327 1.2075 0 0
862 1.4172 1.2495 0 0
863 1.4448 1.2656 0 0
864 1.4395 1.2386 0 0
865 1.3485 1.3062 0 0
866 1.3403 1.2579 0 0
867 1.3048 1.2652 0 0
868 1.3265 1.2855 0 0
869 1.0423 0.8255 0 0
870 1.0068 0.8174 0 0
871 1.0065 0.8584 0 0
872 1.0424 0.8631 0 0
873 1.0245 0.8411 0 0
874 0.8568 0.1163 0 0
875 0.8266 0.1415 0 0
876 0.8582 0.1779 0 0
877 0.8921 0.1500 0 0
878 0.8588 0.1468 0 0
879 1.4494 1.3243 0 0
880 1.4728 1.2927 0 0
881 1.4190 1.2865 0 0
882 1.4467 1.2930 0 0
883 1.9017 1.0033 0 0
884 1.9249 1.0407 0 0
885 1.9510 1.0181 0 0
886 1.9282 0.9820 0 0
887 1.9264 1.0110 0 0
888 1.0084 0.6966 0 0
889 0.9896 0.7255 0 0
890 1.0193 0.7450 0 0
891 1.0331 0.7231 0 0
892 1.0124 0.7224 0 0
893 1.5875 0.2037 0 0
894 1.5550 0.1756 0 0
895 1.5305 0.2049 0 0
896 1.5630 0.2324 0 0
897 1.5590 0.2042 0 0
898 1.9458 1.7586 0 0
899 1.9165 1.7165 0 0
900 1.9207 1.7785 0 0
901 1.9185 1.7476 0 0
902 0.2710 0.2040 0 0
903 0.3117 0.2114 0 0
904 0.3120 0.1798 0 0
905 0.2718 0.1717 0 0
906 0.2916 0.1917 0 0
907 1.9077 0.3153 0 0
908 1.8959 0.3557 0 0
909 1.9231 0.3706 0 0
910 1.9442 0.3402 0 0
911 1.9176 0.3446 0 0
912 1.0464 0.7890 0 0
913 1.0728 0.8320 0 0
914 1.0789 0.8051 0 0
915 1.0600 0.8123 0 0
916 1.8978 1.0628 0 0
917 1.9225 1.1012 0 0
918 1.9492 1.0786 0 0
919 1.9236 1.0708 0 0
920 1.9701 0.0623 0 0
921 1.9419 0.0930 0 0
922 1.9722 0.1223 0 0
923 1.9711 0.0929 0 0
924 1.0876 0.6809 0 0
925 1.0592 0.6440 0 0
926 1.0318 0.6705 0 0
927 1.0578 0.7037 0 0
928 1.0591 0.6747 0 0
929 0.8403 0.7254 0 0
930 0.8438 0.7695 0 0
931 0.8783 0.7705 0 0
932 0.8801 0.7361 0 0
933 0.8603 0.7497 0 0
934 0.8237 0.5808 0 0
935 0.8448 0.6190 0 0
936 0.8745 0.6018 0 0
937 0.8547 0.5652 0 0
938 0.8495 0.5917 0 0
939 0.5212 0.1513 0 0
940 0.4931 0.1137 0 0
941 0.4608 0.1326 0 0
942 0.4858 0.1630 0 0
943 0.4908 0.1401 0 0
944 0.9271 0.2550 0 0
945 0.9169 0.2796 0 0
946 0.9474 0.3047 0 0
947 0.9639 0.2682 0 0
948 0.9396 0.2772 0 0
949 0.6692 0.3865 0 0
950 0.6466 0.4123 0 0
951 0.6789 0.4464 0 0
952 0.7043 0.4189 0 0
953 0.6748 0.4160 0 0
954 0.1946 0.0210 0 0
955 0.2292 0.0419 0 0
956 0.2538 0.0226 0 0
957 0.2240 0.0214 0 0
958 1.0159 0.0934 0 0
959 0.9776 0.0618 0 0
960 0.9489 0.0923 0 0
961 0.9843 0.1274 0 0
962 0.9822 0.0941 0 0
963 0.2733 0.1400 0 0
964 0.2320 0.1307 0 0
965 0.2303 0.1630 0 0
966 0.2519 0.1514 0 0
967 1.8957 1.7975 0 0
968 1.9276 1.8415 0 0
969 1.9495 1.8209 0 0
970 1.9232 1.8099 0 0
971 0.3055 0.0812 0 0
972 0.2854 0.0489 0 0
973 0.2571 0.0620 0 0
974 0.2707 0.0828 0 0
975 0.2804 0.0686 0 0
976 1.4035 0.1549 0 0
977 1.3653 0.1264 0 0
978 1.3392 0.1623 0 0
979 1.3822 0.1904 0 0
980 1.3724 0.1590 0 0
981 1.0087 0.8995 0 0
982 1.0120 0.9404 0 0
983 1.0451 0.9025 0 0
984 1.0286 0.9213 0 0
985 0.9194 0.6130 0 0
986 0.9016 0.5875 0 0
987 0.8970 0.6358 0 0
988 0.8979 0.6097 0 0
989 1.8920 1.2455 0 0
990 1.8656 1.2066 0 0
991 1.8378 1.2284 0 0
992 1.8642 1.2669 0 0
993 1.8649 1.2368 0 0
994 1.9185 1.2848 0 0
995 1.9460 1.2632 0 0
996 1.9195 1.2237 0 0
997 1.9190 1.2543 0 0
998 1.9478 1.1399 0 0
999 1.8952 1.1235 0 0
1000 1.9208 1.1624 0 0
1001 1.9216 1.1317 0 0
1002 1.6189 0.2318 0 0
1003 1.6445 0.2039 0 0
1004 1.6129 0.1751 0 0
1005 1.6159 0.2036 0 0
1006 0.2103 0.0619 0 0
1007 0.2427 0.0771 0 0
1008 0.2346 0.0606 0 0
1009 1.8974 0.1968 0 0
1010 1.8916 0.2307 0 0
1011 1.9248 0.2370 0 0
1012 1.9310 0.2030 0 0
1013 1.9112 0.2169 0 0
1014 1.0465 0.7513 0 0
1015 1.0115 0.7782 0 0
1016 1.0314 0.7662 0 0
1017 1.3740 0.2287 0 0
1018 1.4027 0.2398 0 0
1019 1.4192 0.2121 0 0
1020 1.3940 0.2174 0 0
1021 1.6071 1.4228 0 0
1022 1.6353 1.4373 0 0
1023 1.6378 1.4066 0 0
1024 1.6149 1.3994 0 0
1025 1.6242 1.4168 0 0
1026 1.7603 1.7000 0 0
1027 1.7933 1.7003 0 0
1028 1.7851 1.6709 0 0
1029 1.7526 1.6634 0 0
1030 1.7727 1.6840 0 0
1031 1.4873 1.2020 0 0
1032 1.5113 1.1708 0 0
1033 1.4812 1.1399 0 0
1034 1.4568 1.1722 0 0
1035 1.4842 1.1712 0 0
1036 1.1519 0.3274 0 0
1037 1.1120 0.3300 0 0
1038 1.1257 0.3650 0 0
1039 1.1533 0.3639 0 0
1040 1.1356 0.3458 0 0
1041 1.8879 1.4259 0 0
1042 1.9152 1.4669 0 0
1043 1.9439 1.4473 0 0
1044 1.9165 1.4063 0 0
1045 1.9158 1.4366 0 0
1046 1.5945 0.2596 0 0
1047 1.6238 0.2864 0 0
1048 1.6490 0.2603 0 0
1049 1.6216 0.2595 0 0
1050 1.8610 1.3859 0 0
1051 1.8323 1.4050 0 0
1052 1.8589 1.4448 0 0
1053 1.8600 1.4154 0 0
1054 0.8304 0.6762 0 0
1055 0.7931 0.6810 0 0
1056 0.8012 0.7253 0 0
1057 0.8167 0.7020 0 0
1058 1.4748 1.0761 0 0
1059 1.4510 1.1087 0 0
1060 1.5060 1.1084 0 0
1061 1.4783 1.1083 0 0
1062 1.0908 0.2892 0 0
1063 1.0560 0.3059 0 0
1064 1.0770 0.3436 0 0
1065 1.0843 0.3170 0 0
1066 0.8865 0.5522 0 0
1067 0.8682 0.5130 0 0
1068 0.8345 0.5259 0 0
1069 0.8610 0.5391 0 0
1070 1.9454 1.3247 0 0
1071 1.8907 1.3060 0 0
1072 1.9175 1.3457 0 0
1073 1.9180 1.3153 0 0
1074 1.8593 0.6040 0 0
1075 1.8588 0.5460 0 0
1076 1.8332 0.5706 0 0
1077 1.8595 0.5746 0 0
1078 1.2744 0.3842 0 0
1079 1.2355 0.3848 0 0
1080 1.2472 0.4318 0 0
1081 1.2855 0.4219 0 0
1082 1.2602 0.4057 0 0
1083 1.0889 0.6166 0 0
1084 1.0580 0.5797 0 0
1085 1.0284 0.6081 0 0
1086 1.0586 0.6121 0 0
1087 1.3060 0.6896 0 0
1088 1.2735 0.7039 0 0
1089 1.2909 0.7426 0 0
1090 1.3243 0.7282 0 0
1091 1.2987 0.7161 0 0
1092 1.9700 0.7454 0 0
1093 1.9688 0.8114 0 0
1094 1.9688 0.7779 0 0
1095 1.8150 0.1506 0 0
1096 1.7856 0.1204 0 0
1097 1.7573 0.1486 0 0
1098 1.7881 0.1783 0 0
1099 1.7865 0.1494 0 0
1100 1.1978 0.6195 0 0
1101 1.2128 0.6443 0 0
1102 1.2399 0.6322 0 0
1103 1.2212 0.6008 0 0
1104 1.2182 0.6240 0 0
1105 1.4674 1.0070 0 0
1106 1.4414 1.0449 0 0
1107 1.5007 1.0431 0 0
1108 1.4706 1.0425 0 0
1109 0.3974 0.3276 0 0
1110 0.3547 0.3199 0 0
1111 0.3759 0.3410 0 0
1112 1.1953 1.0605 0 0
1113 1.1633 1.0636 0 0
1114 1.1712 1.1034 0 0
1115 1.1835 1.0821 0 0
1116 1.8432 1.7676 0 0
1117 1.8666 1.8085 0 0
1118 1.8683 1.7823 0 0
1119 1.9429 1.5086 0 0
1120 1.9713 1.5510 0 0
1121 1.9717 1.4890 0 0
1122 1.9715 1.5200 0 0
1123 1.6677 1.4004 0 0
1124 1.6480 1.3686 0 0
1125 1.6267 1.3831 0 0
1126 1.6453 1.3900 0 0
1127 0.4398 0.3358 0 0
1128 0.4404 0.3010 0 0
1129 0.3971 0.2926 0 0
1130 0.4187 0.3143 0 0
1131 1.8859 1.4858 0 0
1132 1.9137 1.5278 0 0
1133 1.9144 1.4973 0 0
1134 1.0878 0.5526 0 0
1135 1.0585 0.5159 0 0
1136 1.0271 0.5420 0 0
1137 1.0579 0.5476 0 0
1138 1.4976 0.9754 0 0
1139 1.4686 0.9381 0 0
1140 1.4364 0.9644 0 0
1141 1.4672 0.9715 0 0
1142 1.7118 1.5165 0 0
1143 1.6927 1.4872 0 0
1144 1.6751 1.5024 0 0
1145 1.6887 1.5228 0 0
1146 1.6922 1.5071 0 0
1147 0.8679 0.6595 0 0
1148 0.8135 0.6339 0 0
1149 0.8394 0.6476 0 0
1150 1.9555 1.8806 0 0
1151 1.9787 1.9221 0 0
1152 1.9762 1.8629 0 0
1153 1.9776 1.8929 0 0
1154 0.1353 0.0209 0 0
1155 0.0772 0.0205 0 0
1156 0.1174 0.0413 0 0
1157 0.1059 0.0207 0 0
1158 1.4770 0.4614 0 0
1159 1.4901 0.4385 0 0
1160 1.4614 0.4113 0 0
1161 1.4436 0.4474 0 0
1162 1.4673 0.4392 0 0
1163 1.3579 0.7130 0 0
1164 1.3422 0.7679 0 0
1165 1.3769 0.7537 0 0
1166 1.3503 0.7407 0 0
1167 1.3194 0.4133 0 0
1168 1.3011 0.4590 0 0
1169 1.3326 0.4482 0 0
1170 1.3097 0.4356 0 0
1171 1.7470 1.6265 0 0
1172 1.7853 1.6358 0 0
1173 1.7770 1.5891 0 0
1174 1.7389 1.5875 0 0
1175 1.7626 1.6099 0 0
1176 1.8853 1.6746 0 0
1177 1.9433 1.6961 0 0
1178 1.9131 1.6532 0 0
1179 1.9146 1.6851 0 0
1180 1.4511 0.7139 0 0
1181 1.4237 0.6759 0 0
1182 1.3917 0.6962 0 0
1183 1.4142 0.7385 0 0
1184 1.4205 0.7066 0 0
1185 0.6505 0.0817 0 0
1186 0.6114 0.0554 0 0
1187 0.5903 0.0848 0 0
1188 0.6309 0.1112 0 0
1189 0.6208 0.0832 0 0
1190 1.5804 0.1464 0 0
1191 1.5470 0.1178 0 0
1192 1.5217 0.1475 0 0
1193 1.5510 0.1468 0 0
1194 1.5362 1.1406 0 0
1195 1.5622 1.1111 0 0
1196 1.5320 1.0774 0 0
1197 1.5341 1.1093 0 0
1198 1.8510 1.6311 0 0
1199 1.8263 1.6608 0 0
1200 1.8553 1.6655 0 0
1201 1.0362 0.2711 0 0
1202 1.0057 0.2781 0 0
1203 1.0197 0.3202 0 0
1204 1.0290 0.2941 0 0
1205 1.2481 1.0030 0 0
1206 1.2307 0.9625 0 0
1207 1.1999 0.9769 0 0
1208 1.2155 1.0144 0 0
1209 1.2235 0.9892 0 0
1210 1.9420 1.6330 0 0
1211 1.9125 1.5898 0 0
1212 1.8822 1.6095 0 0
1213 1.9125 1.6214 0 0
1214 1.9723 1.7387 0 0
1215 1.9713 1.6760 0 0
1216 1.9717 1.7074 0 0
1217 0.8012 0.5418 0 0
1218 0.7709 0.5612 0 0
1219 0.7944 0.5973 0 0
1220 0.7976 0.5703 0 0
1221 0.4849 0.3127 0 0
1222 0.4859 0.2707 0 0
1223 0.4396 0.2635 0 0
1224 0.4634 0.2872 0 0
1225 1.9738 1.8011 0 0
1226 1.9730 1.7699 0 0
1227 1.2075 0.1603 0 0
1228 1.1691 0.1299 0 0
1229 1.1474 0.1679 0 0
1230 1.1837 0.1915 0 0
1231 1.1764 0.1622 0 0
1232 1.6519 1.4833 0 0
1233 1.6672 1.4595 0 0
1234 1.6242 1.4642 0 0
1235 1.6447 1.4607 0 0
1236 1.1453 0.5610 0 0
1237 1.1170 0.5266 0 0
1238 1.1179 0.5882 0 0
1239 1.1170 0.5570 0 0
1240 0.5884 0.3495 0 0
1241 0.5597 0.3135 0 0
1242 0.5279 0.3371 0 0
1243 0.5611 0.3692 0 0
1244 0.5588 0.3419 0 0
1245 1.6112 1.4911 0 0
1246 1.5982 1.4463 0 0
1247 1.5841 1.4642 0 0
1248 1.6042 1.4670 0 0
1249 0.5358 0.3889 0 0
1250 0.5660 0.4212 0 0
1251 0.5914 0.4016 0 0
1252 0.5636 0.3953 0 0
1253 1.7170 1.4717 0 0
1254 1.6916 1.4373 0 0
1255 1.6918 1.4636 0 0
1256 0.5964 0.4560 0 0
1257 0.5402 0.4385 0 0
1258 0.5723 0.4748 0 0
1259 0.5687 0.4477 0 0
1260 1.5286 1.0117 0 0
1261 1.5569 0.9815 0 0
1262 1.5262 0.9455 0 0
1263 1.5273 0.9785 0 0
1264 1.6011 1.3142 0 0
1265 1.6238 1.2905 0 0
1266 1.5971 1.2610 0 0
1267 1.5742 1.2872 0 0
1268 1.5990 1.2882 0 0
1269 1.9421 1.5704 0 0
1270 1.9710 1.6133 0 0
1271 1.9711 1.5821 0 0
1272 1.3644 0.4414 0 0
1273 1.3460 0.4791 0 0
1274 1.3704 0.4744 0 0
1275 1.3533 0.4605 0 0
1276 0.5180 0.2291 0 0
1277 0.4784 0.2308 0 0
1278 0.5340 0.2698 0 0
1279 0.5042 0.2506 0 0
1280 0.4448 0.0273 0 0
1281 0.3823 0.0268 0 0
1282 0.4203 0.0534 0 0
1283 0.4135 0.0269 0 0
1284 0.7549 0.0272 0 0
1285 0.7896 0.0552 0 0
1286 0.8164 0.0283 0 0
1287 0.7855 0.0276 0 0
1288 1.5190 1.3829 0 0
1289 1.5348 1.3461 0 0
1290 1.5033 1.3208 0 0
1291 1.4822 1.3560 0 0
1292 1.5096 1.3519 0 0
1293 1.9530 0.9596 0 0
1294 1.9317 0.9274 0 0
1295 1.9072 0.9470 0 0
1296 1.9300 0.9540 0 0
1297 0.5750 0.2600 0 0
1298 0.5967 0.2998 0 0
1299 0.5659 0.2859 0 0
1300 0.6164 0.3349 0 0
1301 0.6471 0.3335 0 0
1302 0.6360 0.2908 0 0
1303 0.6246 0.3146 0 0
1304 1.7204 1.4200 0 0
1305 1.6963 1.3846 0 0
1306 1.6936 1.4106 0 0
1307 1.4506 0.6533 0 0
1308 1.4291 0.6236 0 0
1309 1.4016 0.6404 0 0
1310 1.4263 0.6483 0 0
1311 1.5460 1.2594 0 0
1312 1.5694 1.2313 0 0
1313 1.5407 1.2013 0 0
1314 1.5171 1.2310 0 0
1315 1.5433 1.2307 0 0
1316 1.8523 1.5646 0 0
1317 1.8179 1.5816 0 0
1318 1.8505 1.5969 0 0
1319 1.2641 1.0470 0 0
1320 1.3014 1.0312 0 0
1321 1.2818 0.9884 0 0
1322 1.2740 1.0179 0 0
1323 0.8787 0.0295 0 0
1324 0.8509 0.0578 0 0
1325 0.8474 0.0289 0 0
1326 0.5247 0.0872 0 0
1327 0.5706 0.1159 0 0
1328 0.5488 0.0571 0 0
1329 0.5585 0.0866 0 0
1330 1.1557 0.9654 0 0
1331 1.1739 0.9897 0 0
1332 1.1794 0.9402 0 0
1333 1.1770 0.9675 0 0
1334 1.0795 0.7406 0 0
1335 1.0545 0.7300 0 0
1336 1.2118 0.9227 0 0
1337 1.1925 0.8817 0 0
1338 1.1574 0.8970 0 0
1339 1.1849 0.9107 0 0
1340 1.3514 1.1020 0 0
1341 1.3268 1.0709 0 0
1342 1.3082 1.1027 0 0
1343 1.3294 1.1237 0 0
1344 1.3286 1.0993 0 0
1345 1.9721 1.4271 0 0
1346 1.9719 1.4580 0 0
1347 0.9131 0.4440 0 0
1348 0.8892 0.4081 0 0
1349 0.8605 0.4261 0 0
1350 0.8815 0.4610 0 0
1351 0.8861 0.4348 0 0
1352 1.3146 0.9719 0 0
1353 1.2962 0.9317 0 0
1354 1.2633 0.9473 0 0
1355 1.2890 0.9598 0 0
1356 1.4015 0.4390 0 0
1357 1.3897 0.3945 0 0
1358 1.3528 0.4046 0 0
1359 1.3776 0.4198 0 0
1360 0.8232 0.0847 0 0
1361 0.7638 0.0806 0 0
1362 0.7956 0.1095 0 0
1363 0.7930 0.0825 0 0
1364 0.6878 0.1062 0 0
1365 0.7073 0.0794 0 0
1366 0.6713 0.0538 0 0
1367 0.6792 0.0803 0 0
1368 1.9711 1.6447 0 0
1369 0.1539 0.0640 0 0
1370 0.1955 0.0867 0 0
1371 0.1737 0.0421 0 0
1372 0.1831 0.0639 0 0
1373 1.3533 1.0474 0 0
1374 1.3334 1.0115 0 0
1375 1.3285 1.0406 0 0
1376 0.5713 0.0281 0 0
1377 0.5082 0.0283 0 0
1378 0.5399 0.0284 0 0
1379 1.1460 0.5017 0 0
1380 1.1185 0.4669 0 0
1381 1.0889 0.4911 0 0
1382 1.1176 0.4965 0 0
1383 1.9447 1.3861 0 0
1384 1.9725 1.3652 0 0
1385 1.9723 1.3961 0 0
1386 1.1182 0.9053 0 0
1387 1.0809 0.9048 0 0
1388 1.1215 0.9504 0 0
1389 1.1018 0.9267 0 0
1390 1.6217 1.2357 0 0
1391 1.5941 1.2042 0 0
1392 1.5956 1.2330 0 0
1393 0.9000 0.6993 0 0
1394 0.9253 0.6682 0 0
1395 0.8973 0.6661 0 0
1396 1.1409 0.8545 0 0
1397 1.1082 0.8636 0 0
1398 1.1313 0.8805 0 0
1399 0.9220 0.5425 0 0
1400 0.9299 0.5855 0 0
1401 0.9105 0.5667 0 0
1402 1.0760 0.8658 0 0
1403 1.0969 0.8295 0 0
1404 1.0885 0.8480 0 0
1405 1.3204 0.3372 0 0
1406 1.3002 0.3087 0 0
1407 1.2787 0.3281 0 0
1408 1.2949 0.3492 0 0
1409 1.2987 0.3306 0 0
1410 0.8154 0.4152 0 0
1411 0.8337 0.4399 0 0
1412 0.8376 0.3948 0 0
1413 0.8370 0.4188 0 0
1414 1.5040 0.4650 0 0
1415 1.4734 0.4937 0 0
1416 1.5080 0.4999 0 0
1417 1.4906 0.4802 0 0
1418 1.2448 0.9069 0 0
1419 1.2377 0.9349 0 0
1420 1.9728 1.3032 0 0
1421 1.9732 1.2412 0 0
1422 1.9730 1.2722 0 0
1423 1.1980 0.0964 0 0
1424 1.1620 0.0634 0 0
1425 1.1311 0.0942 0 0
1426 1.1647 0.0963 0 0
1427 1.3696 0.3555 0 0
1428 1.4282 0.3749 0 0
1429 1.4018 0.3375 0 0
1430 1.3975 0.3660 0 0
1431 0.9370 0.4831 0 0
1432 0.9707 0.4625 0 0
1433 0.9448 0.4241 0 0
1434 0.9414 0.4534 0 0
1435 1.9468 1.2016 0 0
1436 1.9736 1.1791 0 0
1437 1.9734 1.2102 0 0
1438 1.7590 1.5451 0 0
1439 1.7392 1.5068 0 0
1440 1.7268 1.5499 0 0
1441 1.7342 1.5295 0 0
1442 1.7926 1.5353 0 0
1443 1.7868 1.5633 0 0
1444 1.6731 1.3513 0 0
1445 1.7242 1.3669 0 0
1446 1.6995 1.3324 0 0
1447 1.6982 1.3588 0 0
1448 1.5593 1.0473 0 0
1449 1.5301 1.0448 0 0
1450 0.9023 0.4998 0 0
1451 0.9623 0.5263 0 0
1452 0.9310 0.5135 0 0
1453 1.3931 0.7949 0 0
1454 1.4298 0.7863 0 0
1455 1.4041 0.7682 0 0
1456 1.4695 0.8787 0 0
1457 1.4907 0.8513 0 0
1458 1.4621 0.8297 0 0
1459 1.4476 0.8511 0 0
1460 1.4677 0.8529 0 0
1461 1.3511 0.6204 0 0
1462 1.3708 0.6577 0 0
1463 1.3829 0.6048 0 0
1464 1.3766 0.6309 0 0
1465 0.4837 0.0561 0 0
1466 0.4764 0.0279 0 0
1467 1.9742 1.1171 0 0
1468 1.9750 1.0554 0 0
1469 1.9746 1.0862 0 0
1470 1.1690 0.2658 0 0
1471 1.1862 0.2923 0 0
1472 1.2184 0.2752 0 0
1473 1.1915 0.2447 0 0
1474 1.1918 0.2698 0 0
1475 1.7742 1.4403 0 0
1476 1.7491 1.4030 0 0
1477 1.7450 1.4564 0 0
1478 1.7472 1.4299 0 0
1479 1.5915 1.1445 0 0
1480 1.6184 1.1172 0 0
1481 1.5893 1.0823 0 0
1482 1.5903 1.1138 0 0
1483 0.9475 0.6389 0 0
1484 0.9675 0.6060 0 0
1485 0.9414 0.6104 0 0
1486 0.9415 0.0305 0 0
1487 0.9136 0.0602 0 0
1488 0.9100 0.0301 0 0
1489 1.6744 1.2994 0 0
1490 1.6485 1.2673 0 0
1491 1.6491 1.3204 0 0
1492 1.6490 1.2944 0 0
1493 1.9760 0.9944 0 0
1494 1.9764 0.9644 0 0
1495 0.9571 0.6988 0 0
1496 0.9787 0.6680 0 0
1497 0.9522 0.6684 0 0
1498 1.9727 1.3342 0 0
1499 0.6717 0.1372 0 0
1500 0.6111 0.1408 0 0
1501 0.6494 0.1707 0 0
1502 0.6413 0.1402 0 0
1503 1.4315 0.3155 0 0
1504 1.4058 0.2848 0 0
1505 1.3783 0.3040 0 0
1506 1.4044 0.3104 0 0
1507 1.2265 0.0641 0 0
1508 1.2348 0.1285 0 0
1509 1.2629 0.0963 0 0
1510 1.2306 0.0963 0 0
1511 0.6941 0.0268 0 0
1512 0.6332 0.0273 0 0
1513 0.6637 0.0270 0 0
1514 0.6024 0.0277 0 0
1515 1.0119 0.2455 0 0
1516 0.9702 0.2278 0 0
1517 0.9877 0.2549 0 0
1518 1.3375 0.3691 0 0
1519 1.3067 0.3789 0 0
1520 1.3290 0.3914 0 0
1521 1.9441 0.8485 0 0
1522 1.9714 0.8445 0 0
1523 1.0616 0.4550 0 0
1524 1.0303 0.4784 0 0
1525 1.0598 0.4851 0 0
1526 1.1909 0.0319 0 0
1527 1.1278 0.0310 0 0
1528 1.1592 0.0315 0 0
1529 1.5539 0.9148 0 0
1530 1.5218 0.8807 0 0
1531 1.4965 0.9107 0 0
1532 1.5246 0.9129 0 0
1533 1.5732 0.0882 0 0
1534 1.5391 0.0591 0 0
1535 1.5129 0.0890 0 0
1536 1.5431 0.0885 0 0
1537 1.7266 1.3126 0 0
1538 1.7008 1.2781 0 0
1539 1.7003 1.3056 0 0
1540 1.2996 0.6002 0 0
1541 1.3193 0.6367 0 0
1542 1.3314 0.5831 0 0
1543 1.3254 0.6101 0 0
1544 1.5551 0.3990 0 0
1545 1.5237 0.3562 0 0
1546 1.4908 0.3839 0 0
1547 1.5181 0.4197 0 0
1548 1.5223 0.3895 0 0
1549 1.6259 1.3409 0 0
1550 1.6490 1.3453 0 0
1551 1.3173 0.0317 0 0
1552 1.2542 0.0320 0 0
1553 1.2905 0.0639 0 0
1554 1.2858 0.0319 0 0
1555 1.5995 0.6445 0 0
1556 1.6267 0.6748 0 0
1557 1.6542 0.6510 0 0
1558 1.6252 0.6154 0 0
1559 1.6264 0.6465 0 0
1560 1.3289 0.9161 0 0
1561 1.3471 0.9560 0 0
1562 1.3802 0.9405 0 0
1563 1.3616 0.9004 0 0
1564 1.3544 0.9282 0 0
1565 1.9438 0.4585 0 0
1566 1.9195 0.4218 0 0
1567 1.8859 0.4412 0 0
1568 1.9149 0.4517 0 0
1569 1.1488 0.6998 0 0
1570 1.1205 0.6550 0 0
1571 1.1128 0.7206 0 0
1572 1.1177 0.6888 0 0
1573 1.5534 1.3151 0 0
1574 1.5242 1.2891 0 0
1575 1.5494 1.2877 0 0
1576 1.3385 0.6742 0 0
1577 1.3647 0.6853 0 0
1578 1.3643 0.9953 0 0
1579 1.3398 0.9836 0 0
1580 1.9739 1.1481 0 0
1581 1.5656 1.1725 0 0
1582 1.5384 1.1713 0 0
1583 1.3749 1.0781 0 0
1584 1.3955 1.0545 0 0
1585 1.3788 1.0302 0 0
1586 1.3755 1.0527 0 0
1587 1.3742 1.1348 0 0
1588 1.3993 1.1082 0 0
1589 1.3749 1.1057 0 0
1590 0.7300 0.0535 0 0
1591 0.7245 0.0269 0 0
1592 1.3489 0.3216 0 0
1593 1.3440 0.3458 0 0
1594 1.6745 1.2443 0 0
1595 1.6476 1.2109 0 0
1596 1.6481 1.2395 0 0
1597 1.4887 0.7499 0 0
1598 1.5108 0.7126 0 0
1599 1.4780 0.6835 0 0
1600 1.4819 0.7154 0 0
1601 1.4163 0.0612 0 0
1602 1.3907 0.0931 0 0
1603 1.4273 0.1221 0 0
1604 1.4522 0.0906 0 0
1605 1.4216 0.0918 0 0
1606 1.5649 1.3668 0 0
1607 1.5812 1.3392 0 0
1608 1.5585 1.3418 0 0
1609 1.1730 0.5362 0 0
1610 1.2023 0.5132 0 0
1611 1.1757 0.4771 0 0
1612 1.1743 0.5071 0 0
1613 1.1028 0.7805 0 0
1614 1.1352 0.7613 0 0
1615 1.1072 0.7510 0 0
1616 1.0045 0.0305 0 0
1617 0.9731 0.0307 0 0
1618 1.7260 0.1186 0 0
1619 1.7545 0.0899 0 0
1620 1.7225 0.0596 0 0
1621 1.6940 0.0887 0 0
1622 1.7243 0.0892 0 0
1623 1.9712 0.6829 0 0
1624 1.9708 0.7140 0 0
1625 1.4779 0.0599 0 0
1626 1.4874 0.1192 0 0
1627 1.4826 0.0897 0 0
1628 1.4602 0.3490 0 0
1629 1.4598 0.3801 0 0
1630 1.1499 0.6223 0 0
1631 1.1197 0.6208 0 0
1632 1.9755 1.0248 0 0
1633 1.0032 0.4404 0 0
1634 1.0353 0.4183 0 0
1635 1.0092 0.3804 0 0
1636 0.9766 0.4025 0 0
1637 1.0061 0.4104 0 0
1638 1.6066 0.1173 0 0
1639 1.6336 0.0882 0 0
1640 1.6002 0.0588 0 0
1641 1.6034 0.0881 0 0
1642 1.2226 0.0320 0 0
1643 1.9749 1.8321 0 0
1644 1.3801 0.0310 0 0
1645 1.3539 0.0628 0 0
1646 1.3488 0.0314 0 0
1647 1.4361 0.8244 0 0
1648 1.4071 0.8331 0 0
1649 1.4230 0.8675 0 0
1650 1.4282 0.8441 0 0
1651 0.1649 0.0210 0 0
1652 1.3108 0.8762 0 0
1653 1.2778 0.8915 0 0
1654 1.3034 0.9039 0 0
1655 1.5661 0.0295 0 0
1656 1.5043 0.0297 0 0
1657 1.5352 0.0296 0 0
1658 1.2736 1.0946 0 0
1659 1.2282 1.0549 0 0
1660 1.2514 1.0735 0 0
1661 1.4896 0.3218 0 0
1662 1.4584 0.2907 0 0
1663 1.4599 0.3192 0 0
1664 1.4714 0.7938 0 0
1665 1.4499 0.8077 0 0
1666 1.4398 0.1811 0 0
1667 1.4629 0.1499 0 0
1668 1.4334 0.1520 0 0
1669 1.8456 0.1257 0 0
1670 1.8794 0.0957 0 0
1671 1.8462 0.0626 0 0
1672 1.8154 0.0923 0 0
1673 1.8469 0.0945 0 0
1674 1.9714 0.6206 0 0
1675 1.9714 0.6518 0 0
1676 1.5371 0.4580 0 0
1677 1.5125 0.4452 0 0
1678 1.9714 0.4951 0 0
1679 1.9712 0.5581 0 0
1680 1.9711 0.5266 0 0
1681 1.9713 0.5894 0 0
1682 1.0611 0.8840 0 0
1683 1.7516 0.0301 0 0
1684 1.6897 0.0296 0 0
1685 1.7206 0.0298 0 0
1686 1.2596 0.8513 0 0
1687 1.2262 0.8664 0 0
1688 1.2521 0.8790 0 0
1689 1.6279 0.0295 0 0
1690 1.5970 0.0294 0 0
1691 1.2504 0.3064 0 0
1692 1.2748 0.2803 0 0
1693 1.2461 0.2497 0 0
1694 1.2471 0.2782 0 0
1695 1.7690 1.4943 0 0
1696 1.7426 1.4823 0 0
1697 1.4135 0.5926 0 0
1698 1.4025 0.5563 0 0
1699 1.3650 0.5662 0 0
1700 1.3908 0.5795 0 0
1701 1.2077 0.8259 0 0
1702 1.1742 0.8408 0 0
1703 1.2001 0.8537 0 0
1704 1.4506 0.6081 0 0
1705 1.4398 0.5861 0 0
1706 1.4331 0.6027 0 0
1707 1.8763 0.0314 0 0
1708 1.8137 0.0308 0 0
1709 1.8450 0.0312 0 0
1710 1.1556 0.8010 0 0
1711 1.1240 0.8165 0 0
1712 1.1487 0.8281 0 0
1713 1.9727 0.4331 0 0
1714 1.9720 0.4639 0 0
1715 1.4436 0.9018 0 0
1716 1.4696 0.9073 0 0
1717 1.6199 1.1778 0 0
1718 1.5927 1.1747 0 0
1719 1.1005 0.8075 0 0
1720 1.3418 0.5270 0 0
1721 1.3102 0.5462 0 0
1722 1.3374 0.5553 0 0
1723 1.1731 0.5929 0 0
1724 1.1985 0.5694 0 0
1725 1.1724 0.5649 0 0
1726 1.4423 0.0303 0 0
1727 1.4112 0.0306 0 0
1728 1.7838 0.0607 0 0
1729 1.7826 0.0304 0 0
1730 1.6613 0.0590 0 0
1731 1.6588 0.0295 0 0
1732 0.9977 0.5023 0 0
1733 1.0005 0.4709 0 0
1734 1.7848 0.0908 0 0
1735 1.2886 0.5103 0 0
1736 1.2570 0.5285 0 0
1737 1.2790 0.5643 0 0
1738 1.2837 0.5373 0 0
1739 1.2705 0.3513 0 0
1740 1.2867 0.3661 0 0
1741 1.5517 0.3209 0 0
1742 1.5159 0.2920 0 0
1743 1.5207 0.3230 0 0
1744 1.4733 0.0300 0 0
1745 1.3567 0.2720 0 0
1746 1.3272 0.2898 0 0
1747 1.3527 0.2968 0 0
1748 1.6663 0.1176 0 0
1749 1.6638 0.0884 0 0
1750 1.4388 0.4852 0 0
1751 1.4364 0.5215 0 0
1752 1.4705 0.5289 0 0
1753 1.4548 0.5073 0 0
1754 0.9494 0.3654 0 0
1755 0.9189 0.3877 0 0
1756 0.9475 0.3949 0 0
1757 1.2338 0.4915 0 0
1758 1.2267 0.5483 0 0
1759 1.2299 0.5204 0 0
1760 1.3274 0.0955 0 0
1761 1.3593 0.0945 0 0
1762 1.3983 0.9831 0 0
1763 1.4133 0.9227 0 0
1764 1.4072 0.9532 0 0
1765 1.5057 0.5384 0 0
1766 1.5463 0.5520 0 0
1767 1.5488 0.5027 0 0
1768 1.5278 0.5234 0 0
1769 1.1471 0.4425 0 0
1770 1.1201 0.4108 0 0
1771 1.0918 0.4325 0 0
1772 1.1194 0.4382 0 0
1773 0.9946 0.5706 0 0
1774 0.9951 0.5356 0 0
1775 1.3032 0.2574 0 0
1776 1.3014 0.2841 0 0
1777 1.4972 0.1774 0 0
1778 1.4923 0.1485 0 0
1779 1.8729 0.2922 0 0
1780 1.8565 0.2625 0 0
1781 1.8197 0.2770 0 0
1782 1.8408 0.3157 0 0
1783 1.8474 0.2869 0 0
1784 1.8934 1.1846 0 0
1785 1.9201 1.1930 0 0
1786 1.0669 0.3975 0 0
1787 1.0639 0.4258 0 0
1788 0.7955 0.1626 0 0
1789 0.7685 0.1313 0 0
1790 0.7965 0.1362 0 0
1791 1.5290 0.7778 0 0
1792 1.5095 0.8171 0 0
1793 1.4991 0.7844 0 0
1794 0.7399 0.1045 0 0
1795 0.7353 0.0795 0 0
1796 0.7118 0.4835 0 0
1797 0.6525 0.4710 0 0
1798 0.6836 0.5092 0 0
1799 0.6817 0.4775 0 0
1800 1.7921 0.2392 0 0
1801 1.7614 0.2662 0 0
1802 1.7865 0.2982 0 0
1803 1.7903 0.2700 0 0
1804 1.7342 0.2921 0 0
1805 1.7324 0.2354 0 0
1806 1.7051 0.2627 0 0
1807 1.7332 0.2641 0 0
1808 1.8580 0.7261 0 0
1809 1.8581 0.6644 0 0
1810 1.8292 0.6907 0 0
1811 1.8577 0.6952 0 0
1812 0.9267 0.2182 0 0
1813 0.9694 0.1843 0 0
1814 0.9321 0.1772 0 0
1815 0.9495 0.2022 0 0
1816 1.5971 0.4938 0 0
1817 1.5771 0.4449 0 0
1818 1.5651 0.4755 0 0
1819 1.8683 0.7855 0 0
1820 1.8664 0.8316 0 0
1821 1.9061 0.8338 0 0
1822 1.8856 0.8102 0 0
1823 1.3935 0.8842 0 0
1824 1.4184 0.8940 0 0
1825 0.8925 0.3534 0 0
1826 0.8642 0.3745 0 0
1827 0.8912 0.3809 0 0
1828 1.4992 0.6543 0 0
1829 1.4718 0.6300 0 0
1830 1.4749 0.6552 0 0
1831 1.6220 0.3344 0 0
1832 1.5915 0.3389 0 0
1833 1.5996 0.3828 0 0
1834 1.6400 0.3701 0 0
1835 1.6127 0.3567 0 0
1836 1.7173 0.6023 0 0
1837 1.6910 0.5628 0 0
1838 1.6565 0.5874 0 0
1839 1.6849 0.6263 0 0
1840 1.6874 0.5947 0 0
1841 1.5675 0.6158 0 0
1842 1.5483 0.6480 0 0
1843 1.5787 0.6727 0 0
1844 1.5735 0.6453 0 0
1845 1.5462 0.8466 0 0
1846 1.5170 0.8490 0 0
1847 1.6192 0.4290 0 0
1848 1.5876 0.4134 0 0
1849 0.7488 0.2940 0 0
1850 0.7173 0.2535 0 0
1851 0.6793 0.2758 0 0
1852 0.7156 0.3203 0 0
1853 0.7149 0.2861 0 0
1854 1.1212 0.2185 0 0
1855 1.1090 0.1935 0 0
1856 1.0765 0.2013 0 0
1857 1.0963 0.2349 0 0
1858 1.1006 0.2121 0 0
1859 0.4367 0.2254 0 0
1860 0.4713 0.1988 0 0
1861 0.4412 0.1925 0 0
1862 0.4564 0.2119 0 0
1863 1.4871 0.6044 0 0
1864 1.4617 0.5898 0 0
1865 1.4680 0.6082 0 0
1866 1.3436 0.8611 0 0
1867 1.3261 0.8217 0 0
1868 1.2929 0.8364 0 0
1869 1.3183 0.8489 0 0
1870 1.6172 1.0542 0 0
1871 1.5874 1.0179 0 0
1872 1.5883 1.0504 0 0
1873 1.1852 0.6445 0 0
1874 1.1761 0.6202 0 0
1875 1.6744 1.1865 0 0
1876 1.6467 1.1518 0 0
1877 1.6472 1.1817 0 0
1878 1.7279 1.2564 0 0
1879 1.7014 1.2213 0 0
1880 1.7012 1.2500 0 0
1881 1.6744 1.1263 0 0
1882 1.6462 1.0903 0 0
1883 1.6464 1.1214 0 0
1884 1.8342 0.5190 0 0
1885 1.8195 0.4934 0 0
1886 1.7907 0.5054 0 0
1887 1.8099 0.5384 0 0
1888 1.8133 0.5142 0 0
1889 1.5471 0.7381 0 0
1890 1.5622 0.7028 0 0
1891 1.5301 0.6794 0 0
1892 1.5376 0.7082 0 0
1893 1.4056 1.0262 0 0
1894 1.3872 1.0084 0 0
1895 0.8378 0.3416 0 0
1896 0.8106 0.3640 0 0
1897 0.8376 0.3687 0 0
1898 1.7391 0.4830 0 0
1899 1.7591 0.5219 0 0
1900 1.7744 0.4689 0 0
1901 1.7658 0.4948 0 0
1902 1.6251 0.5448 0 0
1903 1.5904 0.5796 0 0
1904 1.6239 0.5814 0 0
1905 1.5708 0.8066 0 0
1906 1.5869 0.7589 0 0
1907 1.5591 0.7705 0 0
1908 1.3759 0.8464 0 0
1909 1.3686 0.8730 0 0
1910 1.7809 0.5584 0 0
1911 1.7256 0.5411 0 0
1912 1.7497 0.5796 0 0
1913 1.7538 0.5502 0 0
1914 1.5167 0.6245 0 0
1915 1.5323 0.5916 0 0
1916 1.4981 0.5740 0 0
1917 1.5085 0.5986 0 0
1918 1.5593 0.5842 0 0
1919 1.6164 0.9890 0 0
1920 1.5856 0.9514 0 0
1921 1.5866 0.9849 0 0
1922 1.3930 1.3514 0 0
1923 1.3867 1.2998 0 0
1924 1.3710 1.3279 0 0
1925 1.4723 1.4314 0 0
1926 1.5165 1.4760 0 0
1927 1.5128 1.4294 0 0
1928 1.4951 1.4534 0 0
1929 1.6155 0.9208 0 0
1930 1.5821 0.8819 0 0
1931 1.5843 0.9172 0 0
1932 1.7776 1.3851 0 0
1933 1.7521 1.3483 0 0
1934 1.7507 1.3758 0 0
1935 1.1891 0.7853 0 0
1936 1.1698 0.7439 0 0
1937 1.1624 0.7729 0 0
1938 0.6496 0.2322 0 0
1939 0.6128 0.2484 0 0
1940 0.6446 0.2624 0 0
1941 1.7660 0.7452 0 0
1942 1.7961 0.7896 0 0
1943 1.8309 0.7571 0 0
1944 1.7991 0.7181 0 0
1945 1.7985 0.7529 0 0
1946 1.7801 1.3288 0 0
1947 1.7541 1.2922 0 0
1948 1.7532 1.3205 0 0
1949 1.2077 0.4517 0 0
1950 1.1739 0.4146 0 0
1951 1.1765 0.4461 0 0
1952 1.8601 0.7569 0 0
1953 1.4667 0.5622 0 0
1954 1.4852 0.5509 0 0
1955 1.5236 0.6515 0 0
1956 1.6648 0.5206 0 0
1957 1.6406 0.4753 0 0
1958 1.6314 0.5088 0 0
1959 0.5899 0.2108 0 0
1960 0.5554 0.2217 0 0
1961 0.5833 0.2351 0 0
1962 1.2056 0.7294 0 0
1963 1.1895 0.6863 0 0
1964 1.1783 0.7143 0 0
1965 1.0016 0.6380 0 0
1966 0.9975 0.6054 0 0
1967 1.6747 1.0640 0 0
1968 1.6460 1.0266 0 0
1969 1.6460 1.0588 0 0
1970 1.2877 0.6524 0 0
1971 1.3129 0.6632 0 0
1972 1.7831 0.8602 0 0
1973 1.8225 0.8403 0 0
1974 1.7575 0.8143 0 0
1975 1.7902 0.8259 0 0
1976 1.8062 0.9047 0 0
1977 1.7467 0.8824 0 0
1978 1.7721 0.9256 0 0
1979 1.7770 0.8933 0 0
1980 0.9334 0.8956 0 0
1981 0.8910 0.8531 0 0
1982 0.9123 0.8742 0 0
1983 0.9750 0.9385 0 0
1984 0.9713 0.8969 0 0
1985 0.9543 0.9171 0 0
1986 1.7994 1.4794 0 0
1987 1.8294 1.4628 0 0
1988 1.8034 1.4232 0 0
1989 1.8016 1.4514 0 0
1990 1.7026 0.5004 0 0
1991 1.6960 0.5312 0 0
1992 1.0430 0.3604 0 0
1993 1.0974 0.3790 0 0
1994 1.0711 0.3702 0 0
1995 1.0973 1.0639 0 0
1996 1.0917 1.0246 0 0
1997 1.0568 1.0227 0 0
1998 1.0771 1.0434 0 0
1999 1.7289 1.1982 0 0
2000 1.7019 1.1622 0 0
2001 1.7017 1.1920 0 0
2002 1.0051 0.6683 0 0
2003 0.4082 0.1694 0 0
2004 0.3781 0.1417 0 0
2005 0.3545 0.1634 0 0
2006 0.3787 0.1858 0 0
2007 0.3801 0.1649 0 0
2008 1.7305 0.7696 0 0
2009 1.6934 0.7922 0 0
2010 1.7201 0.8377 0 0
2011 1.7254 0.8034 0 0
2012 1.8418 1.1071 0 0
2013 1.8163 1.0684 0 0
2014 1.7873 1.0912 0 0
2015 1.8134 1.1296 0 0
2016 1.8147 1.0991 0 0
2017 1.8250 1.5207 0 0
2018 1.7965 1.5074 0 0
2019 1.6782 0.9326 0 0
2020 1.6476 0.8903 0 0
2021 1.6465 0.9604 0 0
2022 1.6469 0.9260 0 0
2023 1.1380 1.1045 0 0
2024 1.1309 1.0645 0 0
2025 1.1176 1.0843 0 0
2026 1.6133 0.8461 0 0
2027 1.5784 0.8448 0 0
2028 1.7610 1.0526 0 0
2029 1.7316 1.0766 0 0
2030 1.7585 1.1145 0 0
2031 1.7596 1.0837 0 0
2032 1.7093 0.3213 0 0
2033 1.7449 0.3435 0 0
2034 1.7599 0.3183 0 0
2035 1.7366 0.3192 0 0
2036 1.0615 0.1600 0 0
2037 1.0140 0.1724 0 0
2038 1.0401 0.2177 0 0
2039 1.0475 0.1876 0 0
2040 1.7819 1.2713 0 0
2041 1.7555 1.2345 0 0
2042 1.7549 1.2636 0 0
2043 1.6759 0.9996 0 0
2044 1.6462 0.9939 0 0
2045 0.3545 0.2854 0 0
2046 0.3125 0.2783 0 0
2047 0.3336 0.2990 0 0
2048 1.4363 0.5564 0 0
2049 1.4511 0.5734 0 0
2050 1.2566 0.6667 0 0
2051 1.2690 0.6168 0 0
2052 1.2633 0.6420 0 0
2053 1.8362 1.2880 0 0
2054 1.8098 1.2500 0 0
2055 1.8082 1.3087 0 0
2056 1.8090 1.2795 0 0
2057 1.6772 0.3508 0 0
2058 1.6604 0.4129 0 0
2059 1.7018 0.3959 0 0
2060 1.6702 0.3822 0 0
2061 1.3655 0.5016 0 0
2062 1.4002 0.5153 0 0
2063 1.4027 0.4783 0 0
2064 1.3848 0.4929 0 0
2065 0.7806 0.3307 0 0
2066 0.8101 0.3078 0 0
2067 0.7818 0.2718 0 0
2068 0.7803 0.3011 0 0
2069 1.4216 1.0791 0 0
2070 1.4164 1.0507 0 0
2071 1.7300 1.1382 0 0
2072 1.7027 1.1012 0 0
2073 1.7022 1.1320 0 0
2074 1.7041 1.0383 0 0
2075 1.7033 1.0700 0 0
2076 1.8894 1.3661 0 0
2077 1.9170 1.3761 0 0
2078 1.4267 1.1403 0 0
2079 1.4247 1.1090 0 0
2080 1.7204 0.4412 0 0
2081 1.6810 0.4573 0 0
2082 1.7108 0.4705 0 0
2083 1.5812 1.4100 0 0
2084 1.5726 1.4337 0 0
2085 1.5902 1.4283 0 0
2086 1.3593 0.8076 0 0
2087 1.3839 0.8205 0 0
2088 1.2489 0.5825 0 0
2089 1.2742 0.5909 0 0
2090 1.2750 0.7965 0 0
2091 1.2414 0.8110 0 0
2092 1.2672 0.8238 0 0
2093 1.2233 0.7706 0 0
2094 1.2154 0.7982 0 0
2095 1.3001 0.1288 0 0
2096 1.2952 0.0961 0 0
2097 1.6503 0.4436 0 0
2098 1.2362 0.3422 0 0
2099 1.1926 0.3330 0 0
2100 1.1899 0.3759 0 0
2101 1.2135 0.3591 0 0
2102 1.6831 0.8623 0 0
2103 1.6533 0.8146 0 0
2104 1.6490 0.8528 0 0
2105 1.6062 1.3617 0 0
2106 1.6035 1.3390 0 0
2107 1.4184 0.5373 0 0
2108 1.2574 0.7566 0 0
2109 1.2403 0.7169 0 0
2110 1.2317 0.7434 0 0
2111 1.7117 0.9065 0 0
2112 1.7154 0.8722 0 0
2113 1.4217 0.4619 0 0
2114 1.8453 1.0462 0 0
2115 1.8700 1.0849 0 0
2116 1.8739 1.0245 0 0
2117 1.8717 1.0546 0 0
2118 1.5916 1.3844 0 0
2119 1.6096 1.3819 0 0
2120 1.2238 0.5753 0 0
2121 1.5928 0.7204 0 0
2122 1.6045 0.6964 0 0
2123 1.5843 0.6979 0 0
2124 1.3193 0.4936 0 0
2125 1.3434 0.5008 0 0
2126 1.7343 1.0134 0 0
2127 1.7068 0.9735 0 0
2128 1.7053 1.0062 0 0
2129 1.1548 0.2890 0 0
2130 1.1713 0.3104 0 0
2131 1.6411 1.6097 0 0
2132 1.6380 1.5738 0 0
2133 1.6015 1.5669 0 0
2134 1.6212 1.5887 0 0
2135 1.6201 0.7223 0 0
2136 1.6491 0.7082 0 0
2137 1.6253 0.7003 0 0
2138 1.0661 0.0300 0 0
2139 1.0992 0.0604 0 0
2140 1.0967 0.0303 0 0
2141 1.6504 0.3154 0 0
2142 1.6784 0.2901 0 0
2143 1.6793 0.3197 0 0
2144 0.4580 0.1751 0 0
2145 0.4333 0.1501 0 0
2146 0.4347 0.1719 0 0
2147 1.7389 0.9487 0 0
2148 1.7089 0.9403 0 0
2149 1.8208 1.0071 0 0
2150 1.7908 1.0294 0 0
2151 1.8183 1.0377 0 0
2152 0.7528 0.3571 0 0
2153 0.6889 0.3548 0 0
2154 0.7281 0.3878 0 0
2155 0.7208 0.3547 0 0
2156 1.7746 0.3440 0 0
2157 1.7461 0.3852 0 0
2158 1.7845 0.3794 0 0
2159 1.7620 0.3632 0 0
2160 1.8836 1.5464 0 0
2161 1.9130 1.5586 0 0
2162 1.8560 1.5039 0 0
2163 1.8542 1.5339 0 0
2164 0.3122 0.2444 0 0
2165 0.2708 0.2371 0 0
2166 0.2916 0.2576 0 0
2167 1.7965 0.4191 0 0
2168 1.7592 0.4286 0 0
2169 1.8088 0.4586 0 0
2170 1.7847 0.4438 0 0
2171 1.0660 0.2534 0 0
2172 1.0383 0.2464 0 0
2173 1.7834 1.2124 0 0
2174 1.7568 1.1752 0 0
2175 1.7562 1.2051 0 0
2176 1.3085 0.7821 0 0
2177 1.2830 0.7694 0 0
2178 1.2208 1.1852 0 0
2179 1.1793 1.1448 0 0
2180 1.2000 1.1650 0 0
2181 0.2295 0.1959 0 0
2182 0.2501 0.2165 0 0
2183 1.7850 1.1523 0 0
2184 1.7576 1.1451 0 0
2185 1.8061 1.3664 0 0
2186 1.8049 1.3949 0 0
2187 1.8345 1.3469 0 0
2188 1.8072 1.3377 0 0
2189 1.7652 0.9896 0 0
2190 1.7966 0.9671 0 0
2191 1.7682 0.9578 0 0
2192 1.6313 0.7626 0 0
2193 1.6078 0.7420 0 0
2194 1.7047 0.7272 0 0
2195 1.6799 0.6877 0 0
2196 1.6697 0.7476 0 0
2197 1.6758 0.7176 0 0
2198 1.1853 1.0226 0 0
2199 1.2060 1.0381 0 0
2200 1.2676 0.4732 0 0
2201 1.2388 0.4615 0 0
2202 1.7318 0.4122 0 0
2203 1.2942 0.4840 0 0
2204 1.8057 0.3321 0 0
2205 1.7819 0.3230 0 0
2206 1.1435 0.3894 0 0
2207 1.1659 0.3864 0 0
2208 1.8114 1.1902 0 0
2209 1.8395 1.1680 0 0
2210 1.8123 1.1600 0 0
2211 1.7628 1.0212 0 0
2212 1.3340 0.7948 0 0
2213 1.6613 0.7794 0 0
2214 1.8575 1.4743 0 0
2215 1.1586 1.1246 0 0
2216 1.4564 1.3868 0 0
2217 1.4295 1.3963 0 0
2218 1.4494 1.4131 0 0
2219 1.2583 0.3316 0 0
2220 1.3997 1.1723 0 0
2221 1.4287 1.1736 0 0
2222 1.0401 0.0601 0 0
2223 1.0354 0.0302 0 0
2224 0.8144 0.4836 0 0
2225 0.7755 0.4992 0 0
2226 0.8062 0.5121 0 0
2227 0.3957 0.2568 0 0
2228 0.3535 0.2509 0 0
2229 0.3752 0.2714 0 0
2230 1.7117 0.6647 0 0
2231 1.6827 0.6574 0 0
2232 1.8106 1.2202 0 0
2233 1.7663 1.7379 0 0
2234 1.7236 1.6935 0 0
2235 1.7453 1.7153 0 0
2236 1.7382 0.7040 0 0
2237 1.7348 0.7365 0 0
2238 0.8071 0.7695 0 0
2239 0.7643 0.7263 0 0
2240 0.7859 0.7480 0 0
2241 1.1214 0.3862 0 0
2242 1.7706 0.6792 0 0
2243 1.7436 0.6407 0 0
2244 1.7410 0.6721 0 0
2245 1.2249 0.6783 0 0
2246 1.2488 0.6915 0 0
2247 0.3177 0.0272 0 0
2248 0.2849 0.0250 0 0
2249 0.6863 0.2107 0 0
2250 0.7537 0.2335 0 0
2251 0.7274 0.1929 0 0
2252 0.7209 0.2221 0 0
2253 0.6162 0.3809 0 0
2254 0.6218 0.4352 0 0
2255 0.6190 0.4075 0 0
2256 0.9070 0.7623 0 0
2257 0.8850 0.8103 0 0
2258 0.8989 0.7875 0 0
2259 1.7749 0.6170 0 0
2260 1.7464 0.6099 0 0
2261 1.1440 0.2423 0 0
2262 1.1219 0.2658 0 0
2263 1.1470 0.2660 0 0
2264 0.9815 0.3408 0 0
2265 1.0131 0.3500 0 0
2266 0.5381 0.1865 0 0
2267 0.5035 0.1943 0 0
2268 0.5287 0.2078 0 0
2269 1.8014 0.6539 0 0
2270 1.8001 0.6854 0 0
2271 0.8986 0.2554 0 0
2272 0.8700 0.2691 0 0
2273 0.8936 0.3001 0 0
2274 0.8946 0.2762 0 0
2275 1.6392 0.1464 0 0
2276 1.6098 0.1463 0 0
2277 0.9208 0.3310 0 0
2278 0.8661 0.3206 0 0
2279 0.8932 0.3262 0 0
2280 1.8310 0.6290 0 0
2281 1.8588 0.6340 0 0
2282 0.3150 0.1486 0 0
2283 0.3485 0.1871 0 0
2284 0.3323 0.1693 0 0
2285 1.8050 0.5937 0 0
2286 1.8031 0.6234 0 0
2287 1.0941 0.2611 0 0
2288 1.4515 0.2363 0 0
2289 1.4738 0.2073 0 0
2290 1.4460 0.2091 0 0
2291 1.8172 1.7344 0 0
2292 1.8118 1.6876 0 0
2293 1.8153 1.7106 0 0
2294 1.8073 0.5652 0 0
2295 0.7433 0.5227 0 0
2296 0.7150 0.5475 0 0
2297 0.7434 0.5537 0 0
2298 0.7866 0.3891 0 0
2299 0.7826 0.3602 0 0
2300 0.8496 0.4742 0 0
2301 0.8754 0.4870 0 0
2302 0.7637 0.1797 0 0
2303 0.7427 0.1482 0 0
2304 0.7135 0.1530 0 0
2305 0.7363 0.1686 0 0
2306 0.7412 0.4555 0 0
2307 0.7433 0.4900 0 0
2308 0.9501 0.3351 0 0
2309 0.7187 0.6819 0 0
2310 0.7566 0.6801 0 0
2311 0.7421 0.7038 0 0
2312 1.2026 0.6635 0 0
2313 1.8627 1.3267 0 0
2314 1.8619 1.3564 0 0
2315 1.4946 1.2616 0 0
2316 1.4909 1.2322 0 0
2317 1.7175 1.6572 0 0
2318 1.6819 1.6514 0 0
2319 1.7026 1.6724 0 0
2320 0.6377 0.3600 0 0
2321 0.6611 0.3583 0 0
2322 1.8596 0.9279 0 0
2323 1.8798 0.9660 0 0
2324 1.8891 0.9123 0 0
2325 1.8839 0.9383 0 0
2326 1.3785 1.2494 0 0
2327 1.3651 1.1981 0 0
2328 1.3296 1.2114 0 0
2329 1.3538 1.2291 0 0
2330 1.4007 1.2713 0 0
2331 1.8507 0.9860 0 0
2332 1.8765 0.9949 0 0
2333 0.8402 0.2874 0 0
2334 0.8385 0.3143 0 0
2335 0.9348 0.7329 0 0
2336 0.9055 0.7326 0 0
2337 1.5484 1.4338 0 0
2338 1.5539 1.4742 0 0
2339 1.5652 1.4523 0 0
2340 0.6548 0.5343 0 0
2341 0.6256 0.4932 0 0
2342 0.5992 0.5114 0 0
2343 0.6256 0.5234 0 0
2344 1.7115 1.6208 0 0
2345 1.7321 1.6420 0 0
2346 1.2958 1.2197 0 0
2347 1.2624 1.2254 0 0
2348 1.2835 1.2453 0 0
2349 1.6766 1.6154 0 0
2350 1.6613 1.6306 0 0
2351 0.7664 0.4206 0 0
2352 0.7355 0.4210 0 0
2353 1.8411 0.8870 0 0
2354 1.8283 0.9464 0 0
2355 1.8337 0.9165 0 0
2356 0.6205 0.1946 0 0
2357 0.6518 0.2018 0 0
2358 0.4800 0.1828 0 0
2359 1.8675 1.1458 0 0
2360 1.8665 1.1762 0 0
2361 0.9887 0.8772 0 0
2362 0.5085 0.4055 0 0
2363 0.5074 0.3609 0 0
2364 0.4832 0.3724 0 0
2365 0.5085 0.3823 0 0
2366 0.4782 0.3447 0 0
2367 0.4607 0.3562 0 0
2368 1.0161 0.9808 0 0
2369 1.0365 1.0018 0 0
2370 1.6710 0.1757 0 0
2371 1.6982 0.1473 0 0
2372 1.6687 0.1468 0 0
2373 0.6145 0.3565 0 0
2374 1.6020 1.5275 0 0
2375 1.5606 1.5201 0 0
2376 1.5817 1.5438 0 0
2377 0.5122 0.4480 0 0
2378 0.4770 0.4479 0 0
2379 0.5189 0.4849 0 0
2380 0.4973 0.4654 0 0
2381 1.2786 1.1364 0 0
2382 1.3078 1.1338 0 0
2383 1.2919 1.1163 0 0
2384 0.3137 0.1140 0 0
2385 0.2737 0.1094 0 0
2386 0.2944 0.1281 0 0
2387 1.6752 0.2331 0 0
2388 1.6769 0.2615 0 0
2389 1.8006 1.7538 0 0
2390 1.8233 1.7748 0 0
2391 1.8205 1.7571 0 0
2392 1.9730 0.3723 0 0
2393 1.9731 0.3089 0 0
2394 1.9723 0.3409 0 0
2395 1.8697 0.3995 0 0
2396 1.8332 0.4102 0 0
2397 1.8454 0.4525 0 0
2398 1.8586 0.4264 0 0
2399 0.9740 0.7618 0 0
2400 0.9893 0.7912 0 0
2401 1.8635 1.2969 0 0
2402 0.4838 0.4247 0 0
2403 0.5111 0.4291 0 0
2404 1.9663 0.2077 0 0
2405 1.9664 0.1716 0 0
2406 1.9361 0.1713 0 0
2407 1.9509 0.1887 0 0
2408 0.8054 0.4414 0 0
2409 0.8252 0.4600 0 0
2410 0.9636 0.7301 0 0
2411 1.5531 1.3982 0 0
2412 1.5329 1.4109 0 0
2413 1.8840 1.8556 0 0
2414 1.8388 1.8119 0 0
2415 1.8612 1.8324 0 0
2416 1.4296 0.2627 0 0
2417 1.3844 0.2572 0 0
2418 1.4058 0.2614 0 0
2419 0.3592 0.0544 0 0
2420 0.3506 0.0274 0 0
2421 0.2360 0.1010 0 0
2422 0.1881 0.1194 0 0
2423 0.2125 0.1093 0 0
2424 0.7205 0.1269 0 0
2425 0.6981 0.1313 0 0
2426 1.8406 0.1771 0 0
2427 1.8651 0.1615 0 0
2428 1.8419 0.1534 0 0
2429 0.6884 0.5748 0 0
2430 0.6853 0.5418 0 0
2431 0.8488 0.8117 0 0
2432 0.8698 0.8323 0 0
2433 0.1879 0.1539 0 0
2434 0.1424 0.1111 0 0
2435 0.1660 0.1322 0 0
2436 1.2159 0.2193 0 0
2437 1.1638 0.2192 0 0
2438 1.1887 0.2187 0 0
2439 1.9386 0.0312 0 0
2440 1.9694 0.0312 0 0
2441 1.9165 0.1251 0 0
2442 1.9092 0.0628 0 0
2443 1.9115 0.0945 0 0
2444 1.1360 0.1995 0 0
2445 1.1046 0.1576 0 0
2446 1.1242 0.1789 0 0
2447 1.5395 0.2617 0 0
2448 1.5722 0.2881 0 0
2449 1.5673 0.2605 0 0
2450 0.5534 0.5266 0 0
2451 0.5576 0.4952 0 0
2452 0.5374 0.5065 0 0
2453 1.6020 0.3108 0 0
2454 1.6248 0.3115 0 0
2455 0.7931 0.4170 0 0
2456 1.8476 0.4939 0 0
2457 1.8309 0.4744 0 0
2458 0.6985 0.6367 0 0
2459 0.6745 0.6451 0 0
2460 0.6953 0.6631 0 0
2461 0.4302 0.1039 0 0
2462 0.4048 0.1236 0 0
2463 0.4323 0.1275 0 0
2464 1.8862 0.2643 0 0
2465 1.8570 0.2237 0 0
2466 1.8722 0.2449 0 0
2467 1.9152 1.8666 0 0
2468 1.9396 1.8957 0 0
2469 1.9342 1.8708 0 0
2470 0.1050 0.0605 0 0
2471 0.1279 0.0793 0 0
2472 0.1264 0.0614 0 0
2473 1.8203 0.3699 0 0
2474 1.8577 0.3585 0 0
2475 1.8315 0.3439 0 0
2476 1.2424 0.1911 0 0
2477 1.2711 0.1611 0 0
2478 1.2389 0.1603 0 0
2479 1.4309 1.3613 0 0
2480 1.4548 1.3569 0 0
2481 1.4831 0.2633 0 0
2482 1.4557 0.2633 0 0
2483 1.4987 1.2910 0 0
2484 0.3969 0.0779 0 0
2485 0.4570 0.0817 0 0
2486 0.4261 0.0792 0 0
2487 1.2539 1.1818 0 0
2488 1.2416 1.2054 0 0
2489 1.8686 1.1153 0 0
2490 1.8241 0.9766 0 0
2491 0.8475 0.2346 0 0
2492 0.8145 0.2523 0 0
2493 0.8431 0.2609 0 0
2494 1.8656 0.1906 0 0
2495 1.8200 0.2062 0 0
2496 1.8455 0.2001 0 0
2497 1.6680 1.5204 0 0
2498 1.6686 1.5474 0 0
2499 1.6973 1.5510 0 0
2500 1.6807 1.5356 0 0
2501 0.3917 0.2202 0 0
2502 0.4159 0.2410 0 0
2503 0.5761 0.5242 0 0
2504 0.5760 0.5012 0 0
2505 1.8755 0.8754 0 0
2506 1.8513 0.8580 0 0
2507 0.3767 0.0994 0 0
2508 0.3530 0.1118 0 0
2509 0.3781 0.1195 0 0
2510 1.7606 0.2074 0 0
2511 1.7906 0.2081 0 0
2512 1.8023 1.6630 0 0
2513 1.7049 1.5847 0 0
2514 1.7169 1.5682 0 0
2515 1.2747 0.2237 0 0
2516 1.2447 0.2209 0 0
2517 1.7021 0.2053 0 0
2518 1.6732 0.2045 0 0
2519 0.9956 0.9597 0 0
2520 1.4121 1.3756 0 0
2521 0.5926 0.1654 0 0
2522 0.5706 0.1786 0 0
2523 0.5936 0.1876 0 0
2524 1.5383 1.4977 0 0
2525 0.8854 0.0888 0 0
2526 0.8541 0.0869 0 0
2527 0.6241 0.4639 0 0
2528 0.0662 0.0409 0 0
2529 0.0489 0.0206 0 0
2530 1.9588 1.9334 0 0
2531 1.9792 1.9507 0 0
2532 1.1560 1.0263 0 0
2533 1.1250 1.0261 0 0
2534 1.1438 1.0452 0 0
2535 0.4597 0.4288 0 0
2536 1.2864 1.1769 0 0
2537 1.2661 1.1586 0 0
2538 1.0729 0.0866 0 0
2539 1.0946 0.1154 0 0
2540 1.1000 0.0894 0 0
2541 0.7885 0.2157 0 0
2542 0.7846 0.2433 0 0
2543 0.9198 0.1205 0 0
2544 0.9169 0.0905 0 0
2545 1.3362 0.2368 0 0
2546 1.3071 0.1965 0 0
2547 1.3058 0.2285 0 0
2548 0.7840 0.6426 0 0
2549 0.7906 0.6219 0 0
2550 0.2088 0.1751 0 0
2551 0.8836 0.2200 0 0
2552 0.9089 0.2364 0 0
2553 1.9472 0.3993 0 0
2554 1.9732 0.4028 0 0
2555 0.3512 0.2173 0 0
2556 0.3681 0.2028 0 0
2557 1.5068 0.2343 0 0
2558 1.5113 0.2628 0 0
2559 1.6720 1.5802 0 0
2560 1.6912 1.6002 0 0
2561 1.0585 0.1156 0 0
2562 1.0798 0.1373 0 0
2563 1.9558 0.2416 0 0
2564 1.9785 0.2536 0 0
2565 1.9757 0.2299 0 0
2566 1.9015 0.3879 0 0
2567 1.9230 0.3951 0 0
2568 1.9023 0.1622 0 0
2569 1.9479 0.1468 0 0
2570 1.9249 0.1511 0 0
2571 0.5000 0.3382 0 0
2572 1.9723 0.1493 0 0
2573 1.1510 0.9931 0 0
2574 1.1666 1.0083 0 0
2575 1.3047 0.1625 0 0
2576 1.5021 0.2059 0 0
2577 0.7720 0.6604 0 0
2578 0.3465 0.0846 0 0
2579 0.3695 0.0787 0 0
2580 1.3624 0.2481 0 0
2581 1.3176 1.1696 0 0
2582 1.3467 1.1563 0 0
2583 1.3255 1.1461 0 0
2584 1.8009 1.7784 0 0
2585 1.8187 1.7946 0 0
2586 1.3717 1.1658 0 0
2587 1.6376 1.5391 0 0
2588 1.6421 1.5085 0 0
2589 1.6228 1.5162 0 0
2590 1.6591 1.5035 0 0
2591 0.8280 0.7908 0 0
2592 1.9059 0.8714 0 0
2593 1.9299 0.8805 0 0
2594 1.9216 0.8578 0 0
2595 1.9554 0.2720 0 0
2596 1.9765 0.2793 0 0
2597 1.7295 0.1771 0 0
2598 1.7311 0.2063 0 0
2599 1.1415 0.2200 0 0
2600 1.8829 0.1772 0 0
2601 1.5727 1.3898 0 0
2602 1.1214 0.9890 0 0
2603 1.1064 1.0063 0 0
2604 1.9217 1.8998 0 0
2605 1.9395 1.9169 0 0
2606 0.0988 0.0775 0 0
2607 0.0826 0.0601 0 0
2608 1.9076 0.0314 0 0
2609 0.8225 0.1978 0 0
2610 0.7925 0.1889 0 0
2611 0.4900 0.0850 0 0
2612 0.5643 0.1477 0 0
2613 0.5840 0.1423 0 0
2614 1.9198 0.2735 0 0
2615 1.8971 0.2870 0 0
2616 1.0463 0.0893 0 0
2617 1.1373 0.9739 0 0
2618 1.3074 1.1944 0 0
2619 0.7431 0.1276 0 0
2620 1.9139 0.8988 0 0
2621 1.8959 0.8895 0 0
2622 1.5789 0.3151 0 0
2623 0.5479 0.1657 0 0
2624 1.8561 0.5185 0 0
2625 0.6662 0.6026 0 0
2626 0.6560 0.6237 0 0
2627 1.9323 0.9030 0 0
2628 1.7844 1.7598 0 0
2629 0.9515 0.1512 0 0
2630 0.9807 0.1589 0 0
2631 0.6944 0.6068 0 0
2632 0.5709 0.5439 0 0
2633 1.9041 1.8791 0 0
2634 0.1189 0.0931 0 0
2635 1.6541 1.5601 0 0
2636 0.3295 0.0978 0 0
2637 1.8086 0.3947 0 0
2638 0.3322 0.2310 0 0
2639 0.8534 0.2074 0 0
2640 1.7278 0.1479 0 0
2641 0.2558 0.0928 0 0
2642 1.8809 0.3749 0 0
2643 0.9234 0.1499 0 0
2644 1.9387 0.2566 0 0
